0.000000000000000000e+00 1.781482887268066406e+01 2.144738578796386719e+01 0.000000000000000000e+00 0.000000000000000000e+00 1.809204673767089844e+01 2.412628173828125000e+00 0.000000000000000000e+00 1.299378490447998047e+01 0.000000000000000000e+00 1.345051002502441406e+01 8.373710632324218750e+01 1.415937900543212891e+01 1.839912223815917969e+01 1.525358390808105469e+01 1.321203136444091797e+01 2.839761924743652344e+01 1.723324394226074219e+01 0.000000000000000000e+00 1.658765220642089844e+01
5.202802419662475586e-01 6.082288622856140137e-01 6.483362913131713867e-01 5.464541912078857422e-01 9.541127681732177734e-01 4.960149526596069336e-01 5.016683340072631836e-01 9.025428891181945801e-01 4.826740622520446777e-01 0.000000000000000000e+00 5.143053531646728516e-01 7.286493182182312012e-01 4.840734601020812988e-01 4.991208910942077637e-01 4.918562769889831543e-01 4.841034412384033203e-01 4.986338019371032715e-01 4.958068132400512695e-01 9.236633777618408203e-01 5.005252361297607422e-01
2.134110212326049805e+00 2.465660667419433594e+01 0.000000000000000000e+00 2.534140205383300781e+01 0.000000000000000000e+00 5.367379760742187500e+01 3.340686416625976562e+01 0.000000000000000000e+00 5.231776428222656250e+01 0.000000000000000000e+00 1.274745025634765625e+02 2.252217292785644531e+01 7.443579101562500000e+01 0.000000000000000000e+00 2.989673042297363281e+01 3.665191650390625000e+01 8.504384613037109375e+01 3.941006469726562500e+01 0.000000000000000000e+00 5.792661666870117188e+01
2.131602859497070312e+01 2.643095588684082031e+01 2.154426765441894531e+01 2.424880599975585938e+01 0.000000000000000000e+00 1.467082786560058594e+01 1.591318416595458984e+01 0.000000000000000000e+00 1.663706970214843750e+01 0.000000000000000000e+00 1.903259468078613281e+01 3.245846557617187500e+01 1.535827159881591797e+01 1.385369014739990234e+01 1.912221336364746094e+01 1.894145202636718750e+01 1.912261772155761719e+01 1.694994735717773438e+01 0.000000000000000000e+00 1.684195137023925781e+01
7.229365539550781250e+01 4.284978485107421875e+01 5.865752220153808594e+00 0.000000000000000000e+00 0.000000000000000000e+00 0.000000000000000000e+00 2.702293586730957031e+01 0.000000000000000000e+00 4.112458229064941406e+00 0.000000000000000000e+00 0.000000000000000000e+00 6.289037322998046875e+01 1.431099414825439453e+01 1.747359466552734375e+01 3.966804504394531250e+01 4.086607360839843750e+01 2.892771530151367188e+01 2.381252670288085938e+01 0.000000000000000000e+00 0.000000000000000000e+00
6.150023460388183594e+00 7.365863800048828125e+01 1.017096042633056641e+01 0.000000000000000000e+00 0.000000000000000000e+00 2.108534049987792969e+01 1.332424640655517578e+01 0.000000000000000000e+00 0.000000000000000000e+00 0.000000000000000000e+00 0.000000000000000000e+00 4.991321945190429688e+01 3.722461318969726562e+01 6.543905258178710938e+00 4.634325408935546875e+01 7.675161361694335938e+00 2.711889839172363281e+01 7.080970764160156250e+01 3.354895114898681641e-02 0.000000000000000000e+00
0.000000000000000000e+00 4.439395666122436523e-02 0.000000000000000000e+00 0.000000000000000000e+00 0.000000000000000000e+00 1.311386871337890625e+01 5.684854125976562500e+01 0.000000000000000000e+00 4.227962875366210938e+01 0.000000000000000000e+00 0.000000000000000000e+00 1.499864044189453125e+02 8.978749084472656250e+01 0.000000000000000000e+00 0.000000000000000000e+00 2.735505485534667969e+01 0.000000000000000000e+00 1.499577331542968750e+02 0.000000000000000000e+00 5.749153900146484375e+01
0.000000000000000000e+00 1.579085235595703125e+02 0.000000000000000000e+00 0.000000000000000000e+00 0.000000000000000000e+00 3.196267509460449219e+01 0.000000000000000000e+00 0.000000000000000000e+00 7.770819854736328125e+01 0.000000000000000000e+00 0.000000000000000000e+00 6.780258178710937500e+02 3.552878952026367188e+01 0.000000000000000000e+00 0.000000000000000000e+00 1.388682098388671875e+02 0.000000000000000000e+00 0.000000000000000000e+00 0.000000000000000000e+00 0.000000000000000000e+00
2.490531921386718750e+00 8.225874328613281250e+01 9.417626953125000000e+01 4.451675713062286377e-02 0.000000000000000000e+00 0.000000000000000000e+00 0.000000000000000000e+00 0.000000000000000000e+00 1.401292514801025391e+01 0.000000000000000000e+00 0.000000000000000000e+00 2.001717376708984375e+02 0.000000000000000000e+00 0.000000000000000000e+00 2.630886840820312500e+01 1.518094444274902344e+01 2.978241348266601562e+01 1.476944446563720703e+00 0.000000000000000000e+00 3.623075103759765625e+01
2.429095983505249023e+00 3.615282297134399414e+00 0.000000000000000000e+00 0.000000000000000000e+00 0.000000000000000000e+00 5.023269271850585938e+01 2.683399009704589844e+01 0.000000000000000000e+00 3.784263610839843750e+01 0.000000000000000000e+00 4.888390350341796875e+01 5.332758331298828125e+01 4.385448455810546875e+01 1.030829238891601562e+01 5.376404571533203125e+01 2.383989715576171875e+01 7.107413482666015625e+01 2.083333396911621094e+01 0.000000000000000000e+00 5.374539947509765625e+01
1.046460952758789062e+02 2.829761695861816406e+01 2.535866355895996094e+01 1.448924560546875000e+02 0.000000000000000000e+00 1.631450080871582031e+01 2.225113105773925781e+01 0.000000000000000000e+00 3.306629180908203125e+01 0.000000000000000000e+00 6.642375183105468750e+01 1.556908321380615234e+01 2.007356643676757812e+01 1.217509865760803223e+00 4.475601959228515625e+01 4.924626922607421875e+01 4.258235168457031250e+01 4.680168914794921875e+01 0.000000000000000000e+00 2.610110282897949219e+01
0.000000000000000000e+00 6.614042663574218750e+01 2.716802406311035156e+01 4.348060488700866699e-01 0.000000000000000000e+00 3.645244359970092773e+00 4.898178482055664062e+01 0.000000000000000000e+00 4.006516647338867188e+01 0.000000000000000000e+00 8.600657653808593750e+01 2.341075897216796875e+00 0.000000000000000000e+00 1.050059585571289062e+02 6.977638244628906250e+01 1.082807998657226562e+02 7.123028564453125000e+01 7.708921051025390625e+01 0.000000000000000000e+00 0.000000000000000000e+00
2.802496147155761719e+01 3.362845182418823242e+00 2.217943382263183594e+01 1.056099166870117188e+02 0.000000000000000000e+00 5.483945083618164062e+01 1.070964202880859375e+02 0.000000000000000000e+00 3.660107040405273438e+01 0.000000000000000000e+00 0.000000000000000000e+00 1.824959182739257812e+01 8.381103515625000000e+01 7.304083251953125000e+01 6.060359954833984375e+01 8.400222015380859375e+01 0.000000000000000000e+00 7.111786651611328125e+01 0.000000000000000000e+00 0.000000000000000000e+00
6.350214767456054688e+01 7.981076812744140625e+01 1.506932377815246582e+00 1.198412799835205078e+01 0.000000000000000000e+00 6.964648437500000000e+01 4.872011661529541016e+00 0.000000000000000000e+00 2.438524055480957031e+01 0.000000000000000000e+00 0.000000000000000000e+00 3.961568832397460938e+01 5.655656814575195312e+01 8.654955291748046875e+01 0.000000000000000000e+00 2.072316741943359375e+01 0.000000000000000000e+00 4.679046249389648438e+01 0.000000000000000000e+00 3.368128967285156250e+01
3.281092834472656250e+01 2.275970306396484375e+02 0.000000000000000000e+00 3.236457824707031250e+01 0.000000000000000000e+00 0.000000000000000000e+00 6.935856628417968750e+01 0.000000000000000000e+00 2.498956024646759033e-02 0.000000000000000000e+00 2.112200736999511719e+01 2.224794921875000000e+02 0.000000000000000000e+00 3.322868824005126953e+00 1.210819721221923828e+01 0.000000000000000000e+00 2.580624580383300781e+01 3.020054817199707031e+01 0.000000000000000000e+00 1.988038063049316406e+01
5.004277420043945312e+01 8.621203613281250000e+01 8.152353668212890625e+01 0.000000000000000000e+00 0.000000000000000000e+00 3.122344589233398438e+01 0.000000000000000000e+00 0.000000000000000000e+00 3.508469772338867188e+01 0.000000000000000000e+00 0.000000000000000000e+00 1.310890808105468750e+02 2.331409645080566406e+01 1.583329486846923828e+01 0.000000000000000000e+00 2.097831153869628906e+01 0.000000000000000000e+00 3.177875137329101562e+01 0.000000000000000000e+00 0.000000000000000000e+00
6.994903087615966797e-04 0.000000000000000000e+00 0.000000000000000000e+00 2.488237953186035156e+01 0.000000000000000000e+00 5.279102706909179688e+01 1.521421051025390625e+01 0.000000000000000000e+00 3.291967010498046875e+01 0.000000000000000000e+00 4.319107055664062500e+01 1.276782531738281250e+02 3.394010543823242188e+01 8.249771118164062500e+00 4.060265350341796875e+01 6.523062705993652344e+00 5.561733627319335938e+01 1.114494609832763672e+01 0.000000000000000000e+00 6.036075592041015625e+01
1.034143981933593750e+02 1.585773277282714844e+01 3.384545516967773438e+01 4.776552963256835938e+01 0.000000000000000000e+00 4.171057128906250000e+01 2.145094680786132812e+01 0.000000000000000000e+00 2.871586227416992188e+01 0.000000000000000000e+00 8.696258544921875000e+01 2.006489372253417969e+01 3.204414749145507812e+01 0.000000000000000000e+00 5.639088439941406250e+01 1.713478660583496094e+01 2.633398818969726562e+01 2.840151023864746094e+01 0.000000000000000000e+00 4.501224899291992188e+01
3.573596191406250000e+01 1.234840965270996094e+01 6.807812500000000000e+01 3.830008316040039062e+01 0.000000000000000000e+00 1.686098670959472656e+01 2.846348762512207031e+01 0.000000000000000000e+00 2.358654022216796875e+01 0.000000000000000000e+00 4.208027267456054688e+01 1.324894142150878906e+01 2.434206771850585938e+01 2.862685966491699219e+01 2.542078399658203125e+01 3.280355834960937500e+01 3.469908905029296875e+01 2.491230773925781250e+01 0.000000000000000000e+00 1.901854133605957031e+01
1.978099060058593750e+01 4.883514022827148438e+01 1.075321807861328125e+02 2.706928253173828125e+01 0.000000000000000000e+00 3.627070999145507812e+01 4.571456909179687500e+01 0.000000000000000000e+00 3.565502548217773438e+01 0.000000000000000000e+00 2.622088241577148438e+01 0.000000000000000000e+00 3.517407989501953125e+01 2.101296806335449219e+01 4.712390899658203125e+01 3.664399337768554688e+01 4.200092697143554688e+01 3.293856048583984375e+01 0.000000000000000000e+00 2.634695434570312500e+01
4.591254806518554688e+01 8.123567199707031250e+01 9.456091308593750000e+01 1.027357578277587891e+01 0.000000000000000000e+00 3.902853775024414062e+01 2.488725090026855469e+01 0.000000000000000000e+00 3.423304367065429688e+01 0.000000000000000000e+00 1.656307792663574219e+01 2.307240962982177734e-01 3.903921890258789062e+01 3.437899398803710938e+01 3.161303138732910156e+01 2.600537490844726562e+01 1.977176666259765625e+01 3.152079582214355469e+01 0.000000000000000000e+00 4.119111633300781250e+01
4.364130783081054688e+01 8.146019744873046875e+01 8.157142639160156250e+01 2.089271545410156250e+01 0.000000000000000000e+00 2.666749191284179688e+01 2.619740867614746094e+01 0.000000000000000000e+00 2.609537506103515625e+01 0.000000000000000000e+00 2.945621871948242188e+01 0.000000000000000000e+00 2.633426284790039062e+01 3.340005111694335938e+01 3.196014976501464844e+01 2.107127761840820312e+01 2.424410629272460938e+01 1.988408660888671875e+01 0.000000000000000000e+00 3.077110290527343750e+01
9.215493774414062500e+01 9.506302642822265625e+01 8.964830780029296875e+01 8.417473602294921875e+01 0.000000000000000000e+00 0.000000000000000000e+00 2.358061027526855469e+01 0.000000000000000000e+00 2.009062385559082031e+01 0.000000000000000000e+00 1.567474269866943359e+01 0.000000000000000000e+00 1.690856933593750000e+01 0.000000000000000000e+00 4.029853820800781250e+01 1.820730972290039062e+01 3.909735107421875000e+01 1.622978973388671875e+01 0.000000000000000000e+00 5.005936813354492188e+01
8.033272552490234375e+01 1.620621795654296875e+02 6.754873657226562500e+01 5.376325607299804688e+01 0.000000000000000000e+00 1.676584434509277344e+01 2.438313674926757812e+01 0.000000000000000000e+00 3.203237152099609375e+01 0.000000000000000000e+00 2.829312324523925781e+01 0.000000000000000000e+00 3.904418563842773438e+01 1.754940795898437500e+01 2.105648803710937500e+01 4.073764419555664062e+01 2.982034492492675781e+01 0.000000000000000000e+00 0.000000000000000000e+00 1.152960014343261719e+01
2.348913383483886719e+01 1.637109832763671875e+02 8.893927001953125000e+01 1.167133026123046875e+02 0.000000000000000000e+00 2.944741058349609375e+01 1.695227050781250000e+01 0.000000000000000000e+00 3.869102478027343750e+01 0.000000000000000000e+00 3.475078964233398438e+01 0.000000000000000000e+00 2.197384262084960938e+01 1.143143653869628906e+01 4.003332519531250000e+01 6.539896011352539062e+00 3.503674697875976562e+01 3.473228073120117188e+01 0.000000000000000000e+00 3.013953018188476562e+01
3.780318737030029297e+00 1.030202636718750000e+02 7.505004119873046875e+01 1.988671569824218750e+02 0.000000000000000000e+00 2.436469841003417969e+01 2.709154129028320312e+00 0.000000000000000000e+00 4.751282501220703125e+01 0.000000000000000000e+00 3.045524024963378906e+01 0.000000000000000000e+00 5.064980697631835938e+01 3.058857727050781250e+01 7.970166778564453125e+01 2.793025588989257812e+01 2.211183357238769531e+01 0.000000000000000000e+00 0.000000000000000000e+00 3.620624923706054688e+01
1.932471084594726562e+01 1.001318359375000000e+02 1.266160297393798828e+01 5.908961486816406250e+01 0.000000000000000000e+00 0.000000000000000000e+00 0.000000000000000000e+00 0.000000000000000000e+00 6.762286376953125000e+01 0.000000000000000000e+00 3.727025222778320312e+01 1.948443293571472168e+00 8.037936401367187500e+01 0.000000000000000000e+00 7.657883453369140625e+01 3.809307098388671875e+01 8.489149475097656250e+01 5.866584300994873047e+00 0.000000000000000000e+00 5.702042770385742188e+01
7.841346740722656250e+01 7.853201293945312500e+01 4.117308616638183594e+00 9.102911376953125000e+01 0.000000000000000000e+00 1.796781730651855469e+01 1.634599304199218750e+01 0.000000000000000000e+00 3.387045669555664062e+01 0.000000000000000000e+00 6.025727462768554688e+01 1.413519978523254395e+00 1.646694183349609375e+01 8.480034828186035156e+00 4.588627624511718750e+01 5.402954101562500000e+01 3.564843368530273438e+01 4.587340164184570312e+01 0.000000000000000000e+00 4.811348342895507812e+01
6.294912719726562500e+01 7.728739929199218750e+01 7.283606529235839844e-01 0.000000000000000000e+00 0.000000000000000000e+00 1.328278446197509766e+01 5.463374710083007812e+01 0.000000000000000000e+00 4.839202499389648438e+01 0.000000000000000000e+00 4.944676971435546875e+01 0.000000000000000000e+00 4.125888061523437500e+01 6.660858917236328125e+01 2.536032867431640625e+01 7.277031707763671875e+01 6.641116333007812500e+01 5.541612243652343750e+01 0.000000000000000000e+00 9.646761894226074219e+00
2.256959915161132812e+00 4.156541061401367188e+01 4.694105625152587891e+00 4.825974273681640625e+01 0.000000000000000000e+00 6.946769714355468750e+01 9.957105255126953125e+01 0.000000000000000000e+00 4.562434387207031250e+01 0.000000000000000000e+00 0.000000000000000000e+00 6.161207675933837891e+00 6.723659515380859375e+01 6.475087738037109375e+01 8.438339996337890625e+01 6.713964080810546875e+01 4.139257049560546875e+01 5.671732330322265625e+01 0.000000000000000000e+00 3.902010726928710938e+01
2.620894050598144531e+01 2.214781570434570312e+01 0.000000000000000000e+00 6.152037620544433594e+00 0.000000000000000000e+00 3.622448348999023438e+01 1.597298717498779297e+01 0.000000000000000000e+00 3.251464080810546875e+01 0.000000000000000000e+00 4.988151073455810547e+00 5.794710540771484375e+01 3.750174713134765625e+01 7.615741729736328125e+01 1.042100620269775391e+01 2.527248191833496094e+01 0.000000000000000000e+00 3.730990219116210938e+01 0.000000000000000000e+00 4.031820297241210938e+01
4.714665222167968750e+01 1.371967010498046875e+02 0.000000000000000000e+00 5.496554565429687500e+01 0.000000000000000000e+00 1.092473316192626953e+01 3.421181106567382812e+01 0.000000000000000000e+00 0.000000000000000000e+00 0.000000000000000000e+00 4.845268249511718750e+01 1.159905242919921875e+02 5.249869346618652344e+00 6.102902603149414062e+01 1.806212806701660156e+01 0.000000000000000000e+00 0.000000000000000000e+00 1.116730451583862305e+00 0.000000000000000000e+00 9.385087966918945312e+00
2.677914047241210938e+01 5.722977447509765625e+01 6.324617385864257812e+01 2.626144981384277344e+01 0.000000000000000000e+00 2.107517242431640625e+01 0.000000000000000000e+00 0.000000000000000000e+00 1.704938316345214844e+01 0.000000000000000000e+00 0.000000000000000000e+00 1.012757110595703125e+02 1.417440128326416016e+01 2.254708671569824219e+01 0.000000000000000000e+00 1.357260894775390625e+01 9.419105529785156250e+00 2.020204353332519531e+01 8.298349380493164062e-02 1.914478540420532227e+00
1.555697560310363770e+00 1.751430988311767578e+00 1.859652161598205566e+00 1.602730274200439453e+00 2.929422855377197266e+00 1.503013491630554199e+00 1.483971595764160156e+00 2.763722896575927734e+00 1.499376893043518066e+00 0.000000000000000000e+00 1.541899800300598145e+00 2.121754169464111328e+00 1.479994297027587891e+00 1.490970730781555176e+00 1.509776711463928223e+00 1.480398774147033691e+00 1.511529684066772461e+00 1.462320208549499512e+00 2.807906389236450195e+00 1.472314238548278809e+00
1.322688102722167969e+01 0.000000000000000000e+00 1.350075602531433105e+00 2.952222824096679688e+01 0.000000000000000000e+00 3.855559158325195312e+01 1.929896163940429688e+01 0.000000000000000000e+00 2.683174133300781250e+01 0.000000000000000000e+00 3.514405059814453125e+01 1.145231475830078125e+02 2.946762466430664062e+01 1.710517311096191406e+01 3.709503173828125000e+01 1.336928367614746094e+01 4.694467926025390625e+01 1.897448158264160156e+01 0.000000000000000000e+00 4.383421325683593750e+01
9.716318511962890625e+01 3.554800796508789062e+01 3.086947822570800781e+01 3.389323949813842773e-01 0.000000000000000000e+00 4.649457931518554688e+01 1.963061714172363281e+01 0.000000000000000000e+00 2.996181678771972656e+01 0.000000000000000000e+00 7.249539947509765625e+01 2.364491844177246094e+01 3.114678955078125000e+01 6.129298210144042969e+00 4.478045272827148438e+01 1.057634162902832031e+01 2.564495468139648438e+01 1.995644187927246094e+01 0.000000000000000000e+00 3.290706253051757812e+01
6.757908630371093750e+01 0.000000000000000000e+00 1.013198699951171875e+02 4.634306716918945312e+01 0.000000000000000000e+00 1.068854427337646484e+01 3.458331298828125000e+01 0.000000000000000000e+00 2.673034095764160156e+01 0.000000000000000000e+00 6.776864624023437500e+01 3.966634750366210938e+01 2.801664352416992188e+01 4.376686096191406250e+01 3.359123992919921875e+01 4.121295928955078125e+01 4.931311035156250000e+01 3.008418273925781250e+01 0.000000000000000000e+00 1.983618354797363281e+01
2.162168121337890625e+01 2.537802314758300781e+01 1.023007125854492188e+02 4.804544830322265625e+01 0.000000000000000000e+00 2.954165077209472656e+01 3.415167999267578125e+01 0.000000000000000000e+00 2.130085754394531250e+01 0.000000000000000000e+00 1.900694084167480469e+01 1.600191879272460938e+01 2.249867630004882812e+01 2.137082099914550781e+01 3.219938278198242188e+01 3.269870758056640625e+01 3.240624237060546875e+01 2.913691520690917969e+01 0.000000000000000000e+00 1.618563652038574219e+01
1.666655540466308594e+01 5.332395935058593750e+01 1.089060974121093750e+02 0.000000000000000000e+00 0.000000000000000000e+00 2.655354881286621094e+01 2.315816688537597656e+01 0.000000000000000000e+00 2.550642967224121094e+01 0.000000000000000000e+00 1.032685756683349609e+01 3.597370910644531250e+01 2.882803535461425781e+01 2.217514610290527344e+01 2.240165519714355469e+01 2.782865524291992188e+01 2.429628181457519531e+01 2.514019775390625000e+01 0.000000000000000000e+00 3.079055213928222656e+01
2.000952911376953125e+01 9.317108917236328125e+01 8.646176910400390625e+01 1.123678684234619141e+01 0.000000000000000000e+00 1.917273712158203125e+01 3.157232475280761719e+01 0.000000000000000000e+00 3.274996757507324219e+00 0.000000000000000000e+00 1.456647300720214844e+01 3.710240936279296875e+01 1.086789417266845703e+01 2.163628578186035156e+01 2.438741493225097656e+01 1.091113853454589844e+01 1.387048530578613281e+01 1.445343875885009766e+01 5.027234554290771484e-03 2.507210159301757812e+01
9.850343704223632812e+00 3.673668670654296875e+01 2.832708740234375000e+01 2.220628166198730469e+01 0.000000000000000000e+00 1.545890998840332031e+01 1.754550361633300781e+01 0.000000000000000000e+00 1.444059753417968750e+01 0.000000000000000000e+00 1.393979167938232422e+01 3.159720802307128906e+01 1.660465240478515625e+01 1.301361370086669922e+01 1.347892284393310547e+01 1.797093582153320312e+01 1.805634117126464844e+01 1.892605400085449219e+01 0.000000000000000000e+00 1.750292587280273438e+01
0.000000000000000000e+00 8.546017456054687500e+01 4.867037582397460938e+01 5.418659210205078125e+01 0.000000000000000000e+00 2.292529487609863281e+01 3.222896957397460938e+01 0.000000000000000000e+00 1.964174461364746094e+01 0.000000000000000000e+00 2.225480079650878906e+01 9.998336791992187500e+00 3.087929344177246094e+01 1.467666530609130859e+01 4.940953254699707031e+00 3.903102111816406250e+01 3.248709106445312500e+01 4.184485244750976562e+01 0.000000000000000000e+00 2.848190116882324219e+01
0.000000000000000000e+00 8.202924346923828125e+01 3.910245132446289062e+01 8.820029449462890625e+01 0.000000000000000000e+00 3.289058685302734375e+01 3.474442291259765625e+01 0.000000000000000000e+00 2.845577430725097656e+01 0.000000000000000000e+00 5.061016845703125000e+01 0.000000000000000000e+00 3.568284988403320312e+01 3.163971138000488281e+01 0.000000000000000000e+00 3.770584106445312500e+01 3.677398681640625000e+01 4.669784164428710938e+01 0.000000000000000000e+00 2.668195152282714844e+01
6.333717703819274902e-01 6.837123107910156250e+01 1.354622077941894531e+01 1.008706054687500000e+02 0.000000000000000000e+00 3.381052017211914062e+01 3.188048362731933594e+01 0.000000000000000000e+00 4.398879241943359375e+01 0.000000000000000000e+00 7.721951293945312500e+01 1.312498450279235840e+00 4.725987625122070312e+01 3.450290298461914062e+01 2.259266471862792969e+01 4.058970260620117188e+01 2.618267631530761719e+01 2.738280677795410156e+01 0.000000000000000000e+00 2.793301200866699219e+01
5.006842613220214844e-01 3.606155395507812500e+01 0.000000000000000000e+00 6.111306762695312500e+01 0.000000000000000000e+00 2.167849349975585938e+01 1.642590522766113281e+01 0.000000000000000000e+00 3.774607467651367188e+01 0.000000000000000000e+00 4.844061279296875000e+01 2.826417541503906250e+01 3.241474533081054688e+01 5.774468421936035156e+00 3.305589294433593750e+01 3.742029953002929688e+01 5.800492858886718750e+01 2.568053245544433594e+01 0.000000000000000000e+00 4.526380920410156250e+01
6.795251464843750000e+01 3.750579833984375000e+01 0.000000000000000000e+00 6.814835357666015625e+01 0.000000000000000000e+00 2.153012275695800781e+01 2.273658180236816406e+01 0.000000000000000000e+00 2.905797767639160156e+01 0.000000000000000000e+00 4.409605026245117188e+01 1.652076530456542969e+01 1.778334045410156250e+01 1.904968833923339844e+01 3.117873573303222656e+01 3.538511276245117188e+01 3.944090270996093750e+01 2.523423576354980469e+01 0.000000000000000000e+00 3.464099121093750000e+01
6.390867996215820312e+01 1.744632530212402344e+01 0.000000000000000000e+00 4.779511642456054688e+01 0.000000000000000000e+00 3.230546188354492188e+01 3.245402908325195312e+01 0.000000000000000000e+00 4.334683227539062500e+01 0.000000000000000000e+00 5.388042449951171875e+01 3.143220901489257812e+00 2.150883865356445312e+01 8.046901702880859375e+01 2.086388206481933594e+01 6.102270507812500000e+01 6.866384124755859375e+01 4.345051956176757812e+01 0.000000000000000000e+00 2.983978271484375000e+01
7.437848663330078125e+01 3.559579467773437500e+01 1.172774696350097656e+01 5.174857330322265625e+01 0.000000000000000000e+00 4.736958694458007812e+01 6.121109771728515625e+01 0.000000000000000000e+00 4.637177276611328125e+01 0.000000000000000000e+00 0.000000000000000000e+00 0.000000000000000000e+00 1.504403305053710938e+01 6.587847137451171875e+01 6.222439575195312500e+01 3.663180541992187500e+01 4.911763763427734375e+01 2.198358726501464844e+01 0.000000000000000000e+00 4.214030838012695312e+01
2.119015693664550781e+01 2.080854797363281250e+01 3.011721992492675781e+01 0.000000000000000000e+00 0.000000000000000000e+00 6.562252044677734375e+00 2.975121116638183594e+01 0.000000000000000000e+00 5.538591003417968750e+01 0.000000000000000000e+00 7.805334091186523438e+00 2.665142059326171875e+01 4.447174835205078125e+01 1.001821441650390625e+02 4.896641540527343750e+01 1.206446266174316406e+01 0.000000000000000000e+00 3.625035476684570312e+01 0.000000000000000000e+00 5.370605850219726562e+01
0.000000000000000000e+00 9.918927001953125000e+01 4.581670284271240234e+00 2.566695213317871094e-03 0.000000000000000000e+00 2.910984992980957031e+01 4.319770812988281250e+01 0.000000000000000000e+00 2.201260375976562500e+01 0.000000000000000000e+00 5.282408905029296875e+01 6.593241119384765625e+01 2.370491981506347656e+01 4.571305465698242188e+01 3.674003219604492188e+01 1.752546882629394531e+01 0.000000000000000000e+00 0.000000000000000000e+00 0.000000000000000000e+00 2.112256431579589844e+01
1.829649543762207031e+01 5.630893707275390625e+01 5.586726760864257812e+01 2.758633232116699219e+01 0.000000000000000000e+00 1.931737709045410156e+01 0.000000000000000000e+00 0.000000000000000000e+00 1.315514087677001953e+01 0.000000000000000000e+00 0.000000000000000000e+00 8.682587432861328125e+01 1.161475849151611328e+01 2.759079551696777344e+01 0.000000000000000000e+00 1.131627845764160156e+01 1.029838562011718750e+01 1.788466453552246094e+01 3.845450282096862793e-02 6.874429702758789062e+00
4.074420452117919922e+00 4.590179443359375000e+00 4.774962425231933594e+00 4.177254676818847656e+00 7.608273506164550781e+00 3.973792791366577148e+00 3.989241123199462891e+00 7.774457454681396484e+00 3.923119783401489258e+00 0.000000000000000000e+00 4.021883964538574219e+00 5.623841285705566406e+00 3.929833173751831055e+00 3.952478170394897461e+00 4.039201259613037109e+00 4.002444744110107422e+00 4.018646240234375000e+00 3.937418699264526367e+00 7.855814456939697266e+00 4.025870800018310547e+00
1.332461357116699219e+01 1.788245439529418945e+00 0.000000000000000000e+00 2.732558631896972656e+01 0.000000000000000000e+00 3.401766586303710938e+01 1.897839927673339844e+01 0.000000000000000000e+00 2.205111122131347656e+01 0.000000000000000000e+00 3.064183998107910156e+01 1.088558044433593750e+02 2.624847412109375000e+01 1.986910247802734375e+01 3.496206665039062500e+01 1.265729904174804688e+01 4.236262512207031250e+01 2.003600883483886719e+01 0.000000000000000000e+00 3.777646255493164062e+01
1.116713409423828125e+02 5.407814788818359375e+01 8.499813079833984375e-01 0.000000000000000000e+00 0.000000000000000000e+00 4.776314926147460938e+01 1.790038871765136719e+01 0.000000000000000000e+00 2.482387924194335938e+01 0.000000000000000000e+00 8.252711486816406250e+01 6.352542877197265625e+01 3.029461669921875000e+01 0.000000000000000000e+00 4.112006378173828125e+01 0.000000000000000000e+00 2.239907646179199219e+01 1.789358329772949219e+01 0.000000000000000000e+00 2.811871528625488281e+01
6.012995529174804688e+01 0.000000000000000000e+00 8.779592895507812500e+01 6.337969779968261719e+00 0.000000000000000000e+00 3.840414428710937500e+01 4.149739074707031250e+01 0.000000000000000000e+00 4.439601516723632812e+01 0.000000000000000000e+00 7.582005310058593750e+01 3.240362167358398438e+01 3.189683151245117188e+01 3.540712738037109375e+01 2.342978858947753906e+01 1.210526847839355469e+01 2.409755325317382812e+01 3.404168319702148438e+01 0.000000000000000000e+00 2.999822235107421875e+01
4.989795684814453125e+01 2.494068145751953125e+00 9.045586395263671875e+01 3.025718307495117188e+01 0.000000000000000000e+00 3.649974441528320312e+01 3.767325592041015625e+01 0.000000000000000000e+00 3.618857574462890625e+01 0.000000000000000000e+00 5.545487213134765625e+01 2.745709037780761719e+01 2.633640480041503906e+01 3.058370399475097656e+01 2.657849311828613281e+01 1.484638500213623047e+01 1.842285346984863281e+01 2.907612800598144531e+01 0.000000000000000000e+00 2.841769218444824219e+01
5.241203689575195312e+01 1.095522791147232056e-01 9.126788330078125000e+01 2.587651443481445312e+01 0.000000000000000000e+00 3.190040779113769531e+01 3.537149047851562500e+01 0.000000000000000000e+00 3.493078231811523438e+01 0.000000000000000000e+00 5.836304473876953125e+01 5.001090621948242188e+01 2.652953338623046875e+01 3.155084037780761719e+01 2.484144973754882812e+01 1.584704971313476562e+01 2.257256126403808594e+01 2.851673126220703125e+01 0.000000000000000000e+00 2.585412025451660156e+01
5.617272567749023438e+01 0.000000000000000000e+00 9.552134704589843750e+01 2.650134277343750000e+01 0.000000000000000000e+00 3.218641281127929688e+01 3.601469421386718750e+01 0.000000000000000000e+00 3.557472610473632812e+01 0.000000000000000000e+00 6.229833984375000000e+01 5.658330535888671875e+01 2.626036453247070312e+01 3.237541580200195312e+01 2.479439926147460938e+01 1.579265880584716797e+01 2.389181900024414062e+01 2.923801231384277344e+01 0.000000000000000000e+00 2.558246040344238281e+01
2.055057716369628906e+01 1.625271987915039062e+01 2.794982147216796875e+01 2.145549392700195312e+01 0.000000000000000000e+00 1.517960262298583984e+01 1.645308494567871094e+01 0.000000000000000000e+00 1.639799499511718750e+01 0.000000000000000000e+00 2.300491142272949219e+01 4.176411819458007812e+01 1.615624618530273438e+01 1.664784240722656250e+01 1.595995616912841797e+01 1.641061019897460938e+01 1.813728141784667969e+01 1.595537281036376953e+01 0.000000000000000000e+00 1.559306526184082031e+01
6.156125640869140625e+01 0.000000000000000000e+00 9.708352661132812500e+01 3.252247238159179688e+01 0.000000000000000000e+00 2.847895622253417969e+01 3.370410156250000000e+01 0.000000000000000000e+00 3.299768066406250000e+01 0.000000000000000000e+00 6.132169342041015625e+01 6.345658874511718750e+01 2.737434959411621094e+01 3.305217361450195312e+01 2.749429512023925781e+01 1.872379112243652344e+01 2.882425117492675781e+01 2.665429115295410156e+01 0.000000000000000000e+00 2.563251495361328125e+01
6.030960845947265625e+01 3.576899051666259766e+00 3.229871368408203125e+01 1.956946182250976562e+01 0.000000000000000000e+00 2.923501968383789062e+01 2.257058525085449219e+01 0.000000000000000000e+00 2.524503898620605469e+01 0.000000000000000000e+00 5.051355743408203125e+01 4.176924133300781250e+01 2.419222831726074219e+01 1.794175910949707031e+01 3.027332115173339844e+01 1.479345512390136719e+01 2.421921539306640625e+01 1.866546058654785156e+01 0.000000000000000000e+00 2.537913703918457031e+01
3.766518402099609375e+01 3.714158058166503906e+00 5.884578323364257812e+01 2.745190620422363281e+01 0.000000000000000000e+00 1.736674308776855469e+01 2.451296043395996094e+01 0.000000000000000000e+00 2.122691154479980469e+01 0.000000000000000000e+00 3.673088836669921875e+01 6.122203445434570312e+01 2.001614379882812500e+01 2.639759635925292969e+01 2.121607208251953125e+01 1.983101272583007812e+01 2.325483894348144531e+01 2.036707496643066406e+01 0.000000000000000000e+00 1.829071426391601562e+01
4.593869018554687500e+01 0.000000000000000000e+00 8.437925720214843750e+01 3.669992065429687500e+01 0.000000000000000000e+00 1.849986076354980469e+01 3.064321327209472656e+01 0.000000000000000000e+00 2.287039184570312500e+01 0.000000000000000000e+00 4.234836959838867188e+01 8.080418395996093750e+01 2.352351570129394531e+01 3.323884201049804688e+01 2.560713577270507812e+01 2.368339347839355469e+01 2.847520256042480469e+01 2.298736381530761719e+01 0.000000000000000000e+00 2.044310188293457031e+01
5.194076156616210938e+01 0.000000000000000000e+00 8.926974487304687500e+01 4.090405273437500000e+01 0.000000000000000000e+00 1.750020599365234375e+01 3.260168075561523438e+01 0.000000000000000000e+00 2.408288192749023438e+01 0.000000000000000000e+00 4.858976745605468750e+01 8.265209960937500000e+01 2.477514457702636719e+01 3.594847488403320312e+01 2.740116691589355469e+01 2.662555313110351562e+01 3.305721282958984375e+01 2.468216896057128906e+01 0.000000000000000000e+00 2.083316802978515625e+01
5.213169097900390625e+01 0.000000000000000000e+00 9.035717773437500000e+01 4.308657836914062500e+01 0.000000000000000000e+00 1.740652465820312500e+01 3.322695159912109375e+01 0.000000000000000000e+00 2.428557395935058594e+01 0.000000000000000000e+00 4.847006225585937500e+01 8.566649627685546875e+01 2.526998138427734375e+01 3.656743240356445312e+01 2.811339187622070312e+01 2.856526756286621094e+01 3.463352966308593750e+01 2.540407371520996094e+01 0.000000000000000000e+00 2.101523399353027344e+01
5.281323242187500000e+01 0.000000000000000000e+00 8.982266998291015625e+01 4.255693054199218750e+01 0.000000000000000000e+00 1.665359306335449219e+01 3.280814361572265625e+01 0.000000000000000000e+00 2.363071632385253906e+01 0.000000000000000000e+00 4.814110946655273438e+01 8.270107269287109375e+01 2.496469116210937500e+01 3.630443954467773438e+01 2.818735694885253906e+01 2.875032806396484375e+01 3.460063934326171875e+01 2.494603157043457031e+01 0.000000000000000000e+00 2.074055480957031250e+01
4.641136932373046875e+01 4.354689717292785645e-01 7.479850006103515625e+01 3.990393829345703125e+01 0.000000000000000000e+00 1.710881423950195312e+01 2.995667457580566406e+01 0.000000000000000000e+00 2.289131927490234375e+01 0.000000000000000000e+00 4.258443450927734375e+01 7.236643218994140625e+01 2.379118347167968750e+01 3.245786666870117188e+01 2.676716804504394531e+01 2.789785766601562500e+01 3.292160034179687500e+01 2.360313034057617188e+01 0.000000000000000000e+00 2.073046684265136719e+01
6.739553833007812500e+01 0.000000000000000000e+00 5.214841842651367188e+01 3.783889770507812500e+01 0.000000000000000000e+00 2.431521797180175781e+01 2.922285270690917969e+01 0.000000000000000000e+00 2.601533699035644531e+01 0.000000000000000000e+00 5.340882110595703125e+01 4.037810516357421875e+01 2.648685455322265625e+01 2.686453437805175781e+01 3.207672500610351562e+01 2.450717163085937500e+01 3.323633575439453125e+01 2.286273193359375000e+01 0.000000000000000000e+00 2.710164833068847656e+01
4.181885147094726562e+01 1.855033755302429199e+00 6.632140350341796875e+01 3.616876983642578125e+01 0.000000000000000000e+00 1.661697006225585938e+01 2.784878158569335938e+01 0.000000000000000000e+00 2.156526184082031250e+01 0.000000000000000000e+00 3.885195541381835938e+01 6.271397399902343750e+01 2.242943000793457031e+01 3.009425163269042969e+01 2.483476448059082031e+01 2.667909431457519531e+01 3.057883644104003906e+01 2.264838981628417969e+01 0.000000000000000000e+00 1.928428840637207031e+01
1.836282348632812500e+01 2.599642753601074219e+01 8.051856231689453125e+01 3.309638214111328125e+01 0.000000000000000000e+00 2.461668968200683594e+01 2.951908111572265625e+01 0.000000000000000000e+00 1.995845794677734375e+01 0.000000000000000000e+00 1.805838966369628906e+01 1.881800651550292969e+01 2.061196708679199219e+01 1.889187812805175781e+01 2.789789581298828125e+01 2.805538749694824219e+01 2.858069229125976562e+01 2.528302192687988281e+01 0.000000000000000000e+00 1.624823188781738281e+01
1.831851959228515625e+01 4.586465072631835938e+01 8.641393280029296875e+01 0.000000000000000000e+00 0.000000000000000000e+00 2.591157722473144531e+01 2.250616264343261719e+01 0.000000000000000000e+00 2.259535789489746094e+01 0.000000000000000000e+00 1.090017318725585938e+01 3.016271781921386719e+01 2.619054794311523438e+01 2.596197891235351562e+01 2.007269668579101562e+01 2.462118148803710938e+01 1.991973686218261719e+01 2.602822685241699219e+01 0.000000000000000000e+00 2.675063514709472656e+01
1.986194610595703125e+01 7.793943786621093750e+01 6.553069305419921875e+01 7.608674526214599609e+00 0.000000000000000000e+00 1.986655044555664062e+01 2.591657066345214844e+01 0.000000000000000000e+00 7.760869979858398438e+00 0.000000000000000000e+00 1.341900157928466797e+01 3.103418159484863281e+01 1.268719768524169922e+01 2.129226303100585938e+01 2.472237777709960938e+01 1.155790328979492188e+01 1.294398689270019531e+01 1.368164443969726562e+01 2.363128662109375000e-01 2.446476745605468750e+01
8.529056549072265625e+00 5.392021942138671875e+01 4.668568038940429688e+01 1.927123832702636719e+01 0.000000000000000000e+00 1.771858406066894531e+01 2.254683494567871094e+01 0.000000000000000000e+00 1.191873836517333984e+01 0.000000000000000000e+00 1.037217521667480469e+01 2.594372177124023438e+01 1.688865280151367188e+01 1.518344211578369141e+01 1.571457576751708984e+01 1.741403198242187500e+01 1.704165458679199219e+01 2.060780906677246094e+01 0.000000000000000000e+00 2.036560440063476562e+01
2.727856636047363281e+00 5.732113265991210938e+01 3.525204086303710938e+01 3.185550689697265625e+01 0.000000000000000000e+00 1.790858268737792969e+01 2.347485542297363281e+01 0.000000000000000000e+00 1.524886608123779297e+01 0.000000000000000000e+00 1.523592853546142578e+01 2.127520179748535156e+01 1.944830703735351562e+01 1.443060207366943359e+01 1.084028911590576172e+01 2.425816726684570312e+01 2.280029106140136719e+01 2.553471183776855469e+01 0.000000000000000000e+00 2.059415245056152344e+01
0.000000000000000000e+00 6.726173400878906250e+01 3.450462722778320312e+01 6.282783508300781250e+01 0.000000000000000000e+00 2.613889503479003906e+01 3.075271034240722656e+01 0.000000000000000000e+00 2.208254814147949219e+01 0.000000000000000000e+00 2.932866477966308594e+01 6.787122726440429688e+00 2.756711578369140625e+01 2.557993125915527344e+01 8.146073341369628906e+00 3.253607177734375000e+01 3.185719871520996094e+01 3.897871398925781250e+01 0.000000000000000000e+00 2.613089370727539062e+01
0.000000000000000000e+00 6.784321594238281250e+01 1.516306686401367188e+01 8.091703033447265625e+01 0.000000000000000000e+00 2.794230079650878906e+01 3.123786163330078125e+01 0.000000000000000000e+00 2.981533622741699219e+01 0.000000000000000000e+00 3.989115142822265625e+01 1.121380043029785156e+01 3.388790893554687500e+01 3.259069442749023438e+01 1.706287956237792969e+01 2.961485671997070312e+01 2.350396156311035156e+01 2.885421752929687500e+01 0.000000000000000000e+00 2.354243659973144531e+01
2.716422080993652344e-03 6.075903320312500000e+01 0.000000000000000000e+00 6.355193328857421875e+01 0.000000000000000000e+00 1.009606456756591797e+01 1.666302108764648438e+01 0.000000000000000000e+00 3.699023818969726562e+01 0.000000000000000000e+00 3.883853912353515625e+01 3.093393898010253906e+01 3.353369522094726562e+01 2.512969017028808594e+01 9.951879501342773438e+00 4.344631195068359375e+01 4.256828308105468750e+01 1.920540428161621094e+01 0.000000000000000000e+00 3.445082473754882812e+01
3.314810943603515625e+01 3.485466384887695312e+01 0.000000000000000000e+00 5.433396911621093750e+01 0.000000000000000000e+00 1.966285896301269531e+01 1.702180862426757812e+01 0.000000000000000000e+00 2.572005653381347656e+01 0.000000000000000000e+00 3.571989440917968750e+01 2.840789222717285156e+01 1.664457511901855469e+01 1.706329917907714844e+01 1.948089981079101562e+01 3.108255004882812500e+01 3.444538497924804688e+01 2.338241386413574219e+01 0.000000000000000000e+00 3.076647758483886719e+01
2.668918609619140625e+01 1.774780273437500000e+00 0.000000000000000000e+00 4.651339340209960938e+01 0.000000000000000000e+00 2.845149040222167969e+01 1.844594192504882812e+01 0.000000000000000000e+00 3.483861160278320312e+01 0.000000000000000000e+00 2.925894355773925781e+01 3.662343215942382812e+01 1.714931869506835938e+01 2.829357719421386719e+01 2.271264076232910156e+01 4.083988952636718750e+01 5.519036102294921875e+01 2.745113754272460938e+01 0.000000000000000000e+00 4.202855682373046875e+01
5.482395935058593750e+01 2.599743652343750000e+01 1.010564804077148438e+01 2.942817878723144531e+01 0.000000000000000000e+00 4.168092346191406250e+01 2.791900062561035156e+01 0.000000000000000000e+00 3.224126815795898438e+01 0.000000000000000000e+00 2.645385169982910156e+01 4.268249034881591797e+00 1.902754974365234375e+01 2.256270408630371094e+01 3.972885894775390625e+01 2.779577827453613281e+01 3.125974464416503906e+01 1.718441963195800781e+01 0.000000000000000000e+00 3.780066299438476562e+01
2.822481155395507812e+01 1.240708637237548828e+01 3.073605537414550781e+01 5.034804344177246094e-03 0.000000000000000000e+00 2.382960700988769531e+01 2.638551139831542969e+01 0.000000000000000000e+00 3.757188034057617188e+01 0.000000000000000000e+00 2.982940673828125000e+01 6.275282859802246094e+00 3.699701309204101562e+01 5.473110961914062500e+01 3.327107238769531250e+01 2.672835540771484375e+01 1.667854881286621094e+01 2.842993927001953125e+01 0.000000000000000000e+00 4.574076461791992188e+01
1.393239402770996094e+01 1.497048664093017578e+01 1.851078605651855469e+01 1.388848400115966797e+01 0.000000000000000000e+00 1.180927753448486328e+01 1.157298278808593750e+01 0.000000000000000000e+00 1.189765548706054688e+01 0.000000000000000000e+00 1.499483299255371094e+01 3.072544670104980469e+01 1.171037006378173828e+01 1.162727260589599609e+01 1.161800384521484375e+01 1.130800819396972656e+01 1.238772583007812500e+01 1.138682556152343750e+01 0.000000000000000000e+00 1.175607872009277344e+01
2.367846298217773438e+01 1.318207168579101562e+01 4.873237228393554688e+01 2.217243003845214844e+01 0.000000000000000000e+00 2.180975532531738281e+01 2.198807144165039062e+01 0.000000000000000000e+00 1.792959785461425781e+01 0.000000000000000000e+00 2.402938842773437500e+01 4.872798156738281250e+01 1.740318489074707031e+01 1.965582656860351562e+01 2.150770378112792969e+01 1.742447471618652344e+01 1.737621879577636719e+01 1.878336524963378906e+01 0.000000000000000000e+00 1.736300086975097656e+01
1.146245288848876953e+01 1.651214027404785156e+01 1.949296569824218750e+01 1.216911315917968750e+01 0.000000000000000000e+00 1.132931518554687500e+01 1.101113510131835938e+01 0.000000000000000000e+00 1.091169929504394531e+01 0.000000000000000000e+00 1.144451713562011719e+01 2.815452384948730469e+01 1.120810413360595703e+01 1.111257457733154297e+01 1.129422664642333984e+01 1.096358966827392578e+01 1.124694538116455078e+01 1.106051540374755859e+01 1.535966992378234863e-01 1.126712322235107422e+01
1.703809547424316406e+01 1.718103599548339844e+01 7.787873840332031250e+01 1.492849349975585938e+01 0.000000000000000000e+00 2.558343696594238281e+01 2.504124069213867188e+01 0.000000000000000000e+00 9.860887527465820312e+00 0.000000000000000000e+00 2.254097938537597656e+01 4.279344940185546875e+01 1.581496906280517578e+01 2.076319694519042969e+01 2.504297447204589844e+01 1.051680278778076172e+01 1.169851779937744141e+01 1.626785087585449219e+01 0.000000000000000000e+00 2.193070793151855469e+01
1.361877632141113281e+01 1.607374191284179688e+01 2.186039161682128906e+01 1.379100036621093750e+01 0.000000000000000000e+00 1.250055027008056641e+01 1.254638862609863281e+01 0.000000000000000000e+00 1.171507358551025391e+01 0.000000000000000000e+00 1.377785491943359375e+01 3.232434082031250000e+01 1.186524868011474609e+01 1.233215236663818359e+01 1.247244071960449219e+01 1.167606735229492188e+01 1.222450256347656250e+01 1.185141277313232422e+01 1.059499502182006836e+00 1.202853775024414062e+01
1.562337684631347656e+01 1.670679283142089844e+01 2.455464363098144531e+01 1.502125263214111328e+01 0.000000000000000000e+00 1.349511814117431641e+01 1.381254482269287109e+01 0.000000000000000000e+00 1.289298534393310547e+01 0.000000000000000000e+00 1.570023822784423828e+01 3.611139297485351562e+01 1.302828884124755859e+01 1.348416805267333984e+01 1.355982017517089844e+01 1.271853828430175781e+01 1.328648757934570312e+01 1.287460041046142578e+01 0.000000000000000000e+00 1.304999065399169922e+01
