0.32685995 0.0073259696 0.0 0.0 0.33766365 1.707332 0.0 0.27230763 0.0 0.0 0.0 0.0 0.0 0.38771516 0.0 0.0 0.0 0.0 1.3661337 0.0
0.2478824 0.007894997 0.31347302 0.0 0.33596963 0.0 0.10115163 0.2139774 0.14400221 0.0 0.06644335 0.20779282 0.0 0.11763177 0.14661878 0.0 0.0 0.0 0.0 0.0
0.0 1.3616383 0.0 0.0 0.0 0.68633235 1.5873427 0.0 1.7755492 1.937205 0.060695022 0.4075349 0.5116166 0.0 0.121697694 0.0 0.9676749 0.0 0.0 0.0
0.31004798 0.0 0.36866432 0.16946462 0.08573139 0.0 0.2813521 0.0 0.0 0.0049536526 0.0 0.07773489 0.42122647 0.43609107 0.0 0.0 0.0 0.0 0.0 0.44284225
0.5769227 1.9290599 0.0 0.0 0.0 1.7365386 0.11572528 1.7303551 0.0 0.0 1.2295585 0.038701028 0.36829156 0.0 0.0 0.070195705 1.3451486 0.21569699 0.0 0.76966125
0.0 0.46888328 0.0011103153 0.27632874 0.0 0.0 0.0 0.0 0.8939484 0.0 0.0 1.1891305 0.0 0.0 0.0 0.8856578 0.70410734 0.0 1.8700206 0.0
0.0 2.3744698 0.0 0.0 0.0 0.0 0.0 0.0 0.0 1.0631297 0.8423542 1.0021002 0.32335222 0.0 0.0 0.0 0.14583942 1.3330545 1.5878175 0.2619066
0.0 0.0 0.0 0.7073381 0.0 2.9349575 0.0 0.0 0.0 1.8963207 0.5512432 0.23009455 2.589116 0.0 5.156994 1.9327617 1.4661736 4.9322243 0.0 2.125256
0.0 0.08368382 0.0 0.0 0.0 0.0 0.48585844 1.5256797 0.102050066 0.0 0.0 0.0 0.0 0.333944 0.0 1.6772816 3.1629663 0.0 0.0 1.3970392
0.21895112 0.3899605 0.0 0.0 0.31352913 0.0 0.18893671 0.7271457 0.86434346 1.5650772 0.45065722 0.35775077 0.0 0.0 0.8304988 0.83264077 0.24260719 0.0 0.0 0.0
0.5473726 0.34171957 0.0 0.0 0.0 0.0 0.0 0.0 0.8143163 0.0 0.0 0.20357046 0.0 0.9250514 0.03398004 0.0 0.5740616 0.0 0.0 0.29095584
0.061127603 0.0 0.1574043 0.8694048 0.0 0.0 0.0 2.0065 0.0 0.0 0.71714026 0.0 0.50149226 0.6082938 0.61555374 0.16849335 1.6490998 0.0 0.0 0.0
0.0 0.0 0.042251647 1.8197632 2.3211305 0.15826324 0.0 0.25959435 0.6837065 0.0 0.0 0.0 1.8626587 0.9018217 0.0 1.2815549 1.5276966 0.4365847 0.8211931 0.0
0.0 0.0 1.2465229 0.0 0.0 0.0 0.0 0.090904325 3.1481376 2.775621 0.74167615 0.85631204 0.0 0.3640396 2.161375 0.8451897 0.764857 0.0 0.0 0.0
1.276718 0.8874452 0.0 0.0 0.0 0.72548485 0.75549626 0.0 2.393296 1.2094862 0.0 0.0 1.2732074 0.077322364 0.0 0.0 1.2816086 1.1180145 2.1714478 0.0
0.73796964 0.19122732 0.0 0.0 0.44946706 0.0 0.8099276 0.92346984 0.0 0.0 0.41104823 0.30475685 0.080546856 0.06829974 1.3617029 0.0 0.0 0.0 0.069675446 0.0
0.09438245 0.0 0.6236013 0.0 1.0100846 0.0 0.0 1.1082045 0.0 1.2405872 0.0 0.0 0.0 0.0 0.0 0.0 0.0 0.5357483 0.0 0.7846163
1.6338489 0.0 0.0 0.11619529 1.1362724 0.0 0.0 1.143683 0.0 0.22227079 0.17369582 0.31266502 0.31136551 0.985376 1.0242952 0.02239409 0.0 0.0 0.0 1.7074993
0.05543627 0.14803687 0.30100766 0.1326328 0.32637936 0.0 0.12688482 0.6091002 0.0 0.0 0.0 0.33593166 0.896292 0.0 0.0 0.5000341 0.28585774 0.0 0.13260588 0.0
0.0 0.0 0.0 0.87370956 0.4893156 0.6413771 0.3940833 0.0 0.0 0.0 0.0 1.6630094 0.047795147 0.43304834 0.0 0.060978267 0.0 0.8483372 0.0 0.0
0.3831732 0.084472716 0.0 0.38475814 0.25567353 0.80547106 0.036289692 0.16487318 0.19205663 0.04503313 0.0 0.4824522 0.30149487 0.0 0.3628024 0.0 0.0 0.0 0.33687407 0.0
0.0 0.0 0.5410735 0.15526178 0.37924734 0.0 0.8140289 0.06600931 0.0 0.0 0.34165758 0.0 0.0 0.0 0.2891888 0.42466214 0.0 0.55370486 1.0508776 0.0
0.28360587 0.5560118 0.0 0.0 0.0 0.6575488 0.08233172 1.2648045 0.04557562 0.89600897 0.887647 0.0 0.19958177 0.0 0.0 0.0415352 0.66057014 0.5360973 0.0 0.6545007
0.17117265 0.54143417 0.4002185 0.0 0.73173076 0.5462395 0.5195045 0.0 0.0 0.11469686 0.0 0.0 0.0 0.0 1.6272833 0.34686077 0.33526656 1.0218581 0.35073927 0.0
0.0 0.0 0.07636371 1.4977818 1.2404835 0.0 0.0 0.0 0.20836675 0.63579386 0.42066905 0.0999371 0.63157475 1.3286648 0.0 0.5321992 0.09713113 0.0 0.46873876 0.0
0.0 0.6923617 0.0 1.37307 0.23692179 2.5338209 1.0033267 0.0 0.8096243 0.0 0.0 0.68440026 0.42618912 0.0 0.0 1.2401377 0.0 1.8122492 0.4762904 0.0
0.6613259 0.0 0.0 0.0 0.15210432 0.68695456 1.0531721 0.0904879 0.0 0.41661865 2.0199552 0.0 0.6949416 0.051080048 0.0 1.0180948 0.0 0.8961568 0.0 0.0
0.049959984 0.0 0.0 0.21877962 0.0 0.0 0.20509067 0.82848 0.02047278 0.0 0.0 0.43060204 0.0 0.25716785 0.0 0.0 0.0 0.13275693 0.0 0.666134
1.7713041 0.0 2.4953647 2.022285 1.5017189 0.5704698 0.9046001 0.0 0.0 0.0 0.0 0.0 0.63200474 0.65854263 0.0 0.5596059 0.3097127 0.85845137 0.0 0.0
0.47460392 0.38981074 0.0889014 0.2726841 0.0 0.0 0.0 0.0 0.0 0.0 0.0 0.0 1.043252 0.6173003 0.0 0.0 0.0 0.37788773 0.0 0.0
0.16052207 0.0 0.0 0.0 2.0620794 0.97584844 0.0 0.0 1.0630888 1.2008668 0.0 0.0 0.0 1.1948372 0.28343904 0.0 0.0 0.0 0.01542972 0.4570861
0.0 0.04863906 0.0 0.6628857 0.4918806 1.4504039 1.1881926 0.0 1.5129099 0.95189214 0.0 0.89461577 1.5297856 1.9897207 0.0 0.0 0.0 0.0 0.0 0.19905984
0.2412534 1.1450257 0.0 0.0 0.0 0.0 0.2432999 1.0665126 0.0 0.25534597 0.0 0.20271327 0.18392164 1.3459997 0.106244504 0.0 0.28506574 0.0 0.85533077 0.0
0.29242104 0.0 0.3763367 0.0 0.27889425 0.0 0.10997674 0.18951377 0.17215815 0.03326819 0.081340805 0.087761045 0.0 0.05868712 0.18303695 0.0 0.0 0.0 0.08247346 0.0
0.08151528 0.0 1.3771298 0.0 0.45860618 0.0 0.0 0.51342 0.18533878 0.0 0.0 0.0 0.17115425 0.0 0.0 0.40312383 0.91799885 0.040261373 0.0 0.0
0.56131697 0.0 0.050437413 0.5201289 0.21116261 0.5611031 0.0 0.0 0.0 0.0 0.0 0.0 0.0 0.15477607 0.9684368 0.0 0.032521516 0.67405796 0.0 0.30299896
0.3658052 0.0 0.0 0.0 1.2149581 0.13984364 0.806885 0.0 0.0 1.3008884 0.25949657 0.84344476 0.74689865 0.0 0.0 0.0 0.0 0.5280781 0.0 1.0152954
0.89249617 0.010920681 0.51270485 0.0 0.0 0.0 0.2920023 0.0 0.41849935 0.0 0.0 0.6093743 0.0 1.5423238 0.93830377 0.11233196 0.0 0.0 0.0 0.64675426
0.67433065 0.77003235 0.0 0.0 0.0 1.5093348 0.0 0.0 0.0 0.0 0.55591923 0.0 0.0 0.7760538 0.0 0.0 0.0 0.06270893 0.0 0.0
0.0 0.31828138 0.0 0.8187859 0.0 0.0 0.8400618 0.0 0.009521067 0.0 0.7860192 0.0 0.7668577 0.0 0.0 0.0 0.0 0.3809957 0.0 0.0
0.23423392 0.0 0.3220824 0.04697309 0.16505973 0.0 0.0 0.38180125 0.109779626 0.0 0.6770354 0.5768961 0.0 0.004647266 0.0 0.0 0.0 0.0 0.0 0.0
0.7871978 0.0 0.37259996 1.1334937 0.0 0.0 0.0 0.0 0.12838084 0.0 0.6671411 0.0 0.49139187 0.7329232 0.0 1.122644 0.0 0.03638272 0.2786749 0.0
0.78671026 0.0 0.0 0.27360383 0.3412035 0.0 0.0 1.4062766 0.0 0.0 0.0 0.06590605 1.2890522 0.39357108 0.0 0.36207768 0.3613397 0.0 0.0 0.0
0.0 0.0 0.83517253 0.0 0.0 1.2390571 0.17351174 0.0 0.0 0.0 0.8689252 0.0 0.0 1.1913695 0.015370071 0.0 0.29110292 1.117389 0.4383878 0.0
0.13358372 0.0 0.38184452 0.0 0.0 0.0 0.22633499 0.0 1.0495844 0.0 1.5648289 0.0 0.7178358 0.0 0.0 1.8107773 0.0 0.0 0.0 0.0
0.20908214 0.47452357 0.0 0.061282113 0.0 0.14639536 0.43011183 0.0 1.3264434 0.0 0.0 0.0 0.851133 0.0 0.0 0.0 0.45673716 0.0 1.1238599 0.30837727
0.5777798 0.06893468 0.9845618 0.0 0.5664758 0.0 0.0 0.0 1.639359 0.0 0.0 0.6548976 0.0 0.04722321 1.0219746 0.08982092 1.1203157 0.0 1.027971 0.51146966
0.22591919 1.0170733 0.0 0.0 0.576417 0.0 0.0 0.0 0.3682946 0.40229866 0.0 0.7146336 0.0 0.0 1.314386 0.015176058 0.21614224 0.44320512 0.82342875 0.017978042
0.0 0.9049922 0.0 0.17974973 0.0 0.0 0.0 0.0 0.56977326 1.1759585 0.0 0.0 0.29656297 0.0 0.0 0.9243609 0.0 0.55822736 0.81849813 0.31788242
0.0 1.6360121 0.0 0.8758018 0.0 0.0 0.0 0.0 0.8878719 0.0 0.27414566 1.1718769 0.2937633 1.9569583 0.0 0.0 0.0 0.0 0.24246182 0.0
0.99558216 0.0 0.87744415 0.0 0.0 0.08175093 0.47861087 0.0 0.0 0.0 0.73957086 0.0 0.0 0.44627604 0.0 0.28971636 0.19601017 0.19688123 0.0 0.0
0.25798184 0.25713342 0.08838845 0.0 0.39634818 0.0 0.21138227 0.0 0.24428636 0.082112074 0.062236473 0.0069211796 0.0 0.19981062 0.067266025 0.0 0.0 0.0 0.0 0.0
0.0 0.0 0.7115754 0.0 0.68983924 0.0 0.03869599 0.18774846 0.0 0.0 0.07819879 0.0 0.49387953 0.0 1.348022 0.0 0.6546581 0.2914562 0.17014003 0.08921747
0.0 0.0 1.2049832 0.0 0.0 0.60582006 0.0 0.0 1.1614069 0.0 0.0 0.0 0.85709405 0.0 0.0 0.17328668 0.0 0.0 0.14728126 1.4895073
0.6166846 0.041584 0.3882324 0.0 0.0 0.15616646 0.0 0.0 0.0 0.0 0.55652714 0.0 0.036937743 0.0 0.09114838 0.20731145 0.32115358 0.5500941 1.2611213 0.8423207
0.0 0.90385973 0.0 0.580333 0.25291252 0.0 0.0 0.1395261 0.0 0.71543825 1.0653372 0.8703984 0.0 0.6170558 0.0 0.0 1.2257442 0.96411496 0.0 0.0097795725
0.0 0.0 0.0 0.0 0.1531871 1.0148288 0.14908151 0.0 0.0 0.53504014 0.098943226 0.0 0.0 0.23291773 0.11667538 0.0 0.0 0.5176515 0.16475853 0.16425343
0.039361417 0.0 0.0 0.0 0.03705278 0.0 0.0 0.0 0.0 0.56399626 0.23268573 0.0466211 0.51705414 0.0 0.0 0.0 0.62321204 0.5174802 0.10812642 0.625386
0.14161009 0.0 0.2886962 0.09399987 0.3065281 0.39218432 0.36218655 0.29544905 0.25891668 0.0 0.0 0.15320887 0.0 0.18908657 0.53406787 0.0 0.0 0.0 0.016864039 0.363145
0.37786335 0.0 0.0 0.0 0.0833351 0.17762992 0.099478215 0.0 0.0 0.61024797 0.7170894 0.4121514 0.0 0.0 0.50857747 0.0 0.14609393 0.16474204 0.09049715 0.0
0.10125981 0.10173851 0.0 0.0 0.0 0.0 0.0 0.0 0.0 0.0 0.0 0.0 0.0 0.45737123 0.0 0.16148736 0.0 0.0 0.41306055 0.5675237
0.020527676 0.0 0.0 0.25370464 0.0 0.29969302 0.28926533 0.48916236 0.0 0.0 0.07373008 0.0 0.0 0.4694668 0.009736627 0.0 0.0 0.097262725 0.0 0.54235405
0.0780973 0.0 0.5145336 0.58281547 0.23383144 0.0 0.011252258 0.0 0.039941624 0.0 0.33532092 0.28550386 0.0 0.0 0.0 0.0 0.0 0.0 0.123109 0.0
0.0 0.30147988 0.0 0.2728874 0.58883214 0.0 0.5053243 0.31233552 0.0 0.44927207 0.37102115 0.4094069 0.0 0.0 0.17866053 0.0 0.0 0.4895937 0.0 0.39817905
0.0 0.0 0.037167385 0.4924143 0.33072573 0.0 0.73117125 0.0 0.0 0.28722 0.0 0.6338588 0.0 0.07968041 0.25116903 0.18579073 0.31549716 0.3605506 0.0 0.18616137
0.27959758 0.11317961 0.13730592 0.29287058 0.04956922 0.0 0.30768272 0.60190856 0.0 0.66343975 0.31618425 0.031474043 0.0 0.023972794 0.0 0.42283243 0.0 0.08048288 0.21000184 0.64136386
0.18001421 0.0 0.0 0.0163071 0.47840285 0.0 0.03616163 0.45156553 0.37958464 0.0 0.0 0.111023724 0.0 0.0 0.32812488 0.0 0.115743905 0.0 0.0 0.079478666
0.7487613 0.7440557 0.0 0.107283674 0.077647686 0.75544226 0.0 0.0 0.0011926591 0.2148396 0.0 0.0 0.08784005 0.0 1.1591909 0.0 0.43635184 0.5295086 0.0 0.7138854
0.0 0.0 0.5385931 0.3347277 0.29729074 0.0 0.022379398 0.0 0.0 0.052759156 0.0 0.0 0.0 0.0 0.2376574 0.0 0.0 0.0 0.42051965 0.25013188
0.7681277 0.12339733 0.0 0.51714087 0.0 0.0 0.06657557 0.29665184 0.0 0.7501658 0.0 1.2834172 0.0 1.2049959 0.08703324 0.0 0.14451903 0.15509933 0.011667222 0.0027496815
0.0028118528 0.0 1.1363531 0.0 0.0 0.06192588 0.0 0.3292541 0.0 0.5624493 0.0 0.48383373 0.0 0.0 0.2858444 0.18080446 0.0 0.09626478 0.59669054 0.33956504
0.0 0.0 0.2978808 0.60637 0.50344175 0.0636756 0.8913382 0.386438 0.0 0.0 0.0 0.0 0.0 0.60389346 0.0 0.0 0.0 0.38501 0.35326535 0.0
0.6654281 0.0 0.0 0.0 0.6645769 0.0 0.64426386 0.012196302 0.5175798 0.0 0.59806293 0.28404337 0.0 0.0 0.0 0.0 0.0 0.39279714 0.0 0.0
0.3896343 0.0 0.25682488 0.30669764 0.25415903 0.0 0.0 0.25908262 0.38453978 0.0 0.09843165 0.19957282 0.0 0.0 0.0 0.0 0.0 0.26961154 0.0 0.0
0.0 0.0 1.1103958 0.2619246 0.22439128 0.0 0.7891058 0.023507476 0.17610401 0.0 0.14495522 0.0 0.0 0.25265178 0.0 0.118946955 0.035649836 0.0 0.27381352 0.0
0.022138685 0.49353996 0.0 0.0 0.9707439 0.35157073 0.023974687 1.0948178 0.5382369 0.0 1.002142 0.0 0.0 0.0 0.0 0.0 0.0 0.7492584 1.195539 0.0
0.0 0.399714 0.034371227 0.0 0.0 0.2942928 0.2100529 0.0 0.11150566 0.0 0.18087673 0.0 0.0 0.5007438 0.03463906 0.8962028 0.0 0.0 0.30998245 0.0
0.27900654 0.7458083 1.0440476 0.0 0.0 0.29804784 0.31986403 0.94089377 0.6144647 0.0 0.0 0.13756914 0.36603203 0.43594795 0.18709931 0.13210836 0.0 0.0 0.0 0.22180504
0.0 0.3708616 0.0 0.26070353 0.7814717 0.0 0.71956146 0.031103209 0.32600874 0.0 0.0 1.3164759 0.0 0.44157183 0.0 0.97919255 0.0 0.0 0.9358939 0.23989734
0.0 0.54077506 0.11794299 0.8146688 0.0 0.0 0.71330583 1.0176966 0.54771316 0.0 0.0 0.1417425 0.0 0.0 0.57380676 0.0 0.0 0.0 0.7976068 0.47862518
0.3204134 0.0 0.0 0.012531221 0.0 0.0 0.0 0.0 0.0 0.7919558 0.0 0.05554542 0.0 0.0 0.6116937 0.0 0.028142065 0.0 1.4394083 0.57868254
0.1675843 0.10992402 0.34458753 0.0 0.3424558 0.0 0.24267533 0.04386825 0.0 0.1322175 0.0 0.0 0.0 0.1860998 0.2527748 0.0 0.0 0.0 0.0037065744 0.14189495
0.5282698 0.850449 0.064391315 0.0 0.0 0.0 0.19401024 0.26920873 0.0 0.2678495 0.47934645 0.062812 0.0 0.0 0.073882654 0.22620559 0.069544405 0.0 0.49678802 0.0
0.084992245 0.0 0.5311829 0.0 0.5062524 0.048741244 0.0 0.10970129 0.117124274 0.0 0.1756335 0.22973898 0.0 0.049288362 0.1251017 0.0 0.0 0.0 0.33659106 0.44614142
0.81570476 0.5556679 0.47118735 0.0 0.24600877 0.0 0.0 0.05618143 0.0 0.2224637 0.0 0.0 0.37646717 0.0 0.0 0.0 0.0 0.0 0.42725497 0.14919543
0.0 0.34161493 0.29259378 0.0 0.07282108 0.0 0.0 0.28937435 0.09565259 0.0 0.22822472 0.16957606 0.0 0.0 0.08720924 0.0 0.1111429 0.0 0.0 0.11617999
0.0 0.20174779 0.15242715 0.0 0.26130024 0.0 0.029539011 0.10058896 0.0 0.08614663 0.1347891 0.0 0.0 0.08202577 0.04804683 0.0 0.023077454 0.0 0.0 0.1715829
0.36756086 0.0 0.0 1.2240858 0.0 0.9618541 0.0 0.0 0.7387409 0.0 0.0 0.0 0.046622723 0.56950736 0.0 0.0 0.0 0.0 0.0 1.3193167
0.18238856 0.0 0.1222031 0.0 0.0 0.13264865 0.14196998 0.0 0.13379252 0.0 0.0 0.25510314 0.0 0.0 0.20260838 0.25683397 0.10430242 0.09415379 0.010570785 0.0
0.0 0.9637667 0.0 0.0 0.3199252 0.0 0.0 0.0 0.0 0.0 0.0 0.0 1.5388088 0.16073109 0.0 0.6040354 0.0 0.0 0.0 0.04635161
0.022658676 0.0 0.083304085 0.058796436 0.16551982 0.21881609 0.005104959 0.0 0.4403305 0.2493698 0.0 0.0 0.0 0.07480371 0.54538614 0.15294623 1.0739672 0.11073464 0.26457772 0.3024171
1.2442254 0.0 0.0 0.9008497 0.0 2.4338937 0.0 0.0 0.0 0.0 0.7235098 0.0 0.0 1.6608837 0.0 0.0 0.0 1.0760634 1.0845385 0.7884627
0.37185585 0.20862155 0.20196226 0.0 0.0 0.6245344 0.7673174 0.44184244 0.0 0.0 0.0 0.9716032 0.0 0.0 0.0 0.0 0.0 0.0 0.29015738 0.0
0.025201887 0.0 0.0 0.0 2.6577735 0.0 0.8365489 0.0 0.0 0.0 0.0 0.9112513 0.33041307 0.77914196 0.24439847 1.8595712 0.0 1.1793875 3.0204477 0.0
0.0 0.0 0.0 0.0 2.737193 0.9799821 2.835886 1.5030239 0.48069176 0.04287362 0.0 0.0 0.0 0.0 0.0 0.0 0.0 0.0 0.7750703 1.5933938
0.33971316 0.0 0.20785303 0.0 0.0 0.0 0.0 1.6766522 0.0 1.6209611 1.1414526 0.0 0.32895976 1.071641 0.10851568 0.0 1.6248176 0.0 0.81188524 0.14031674
0.20812675 0.0 0.0 0.6522605 0.0 0.0 0.21119393 0.0 1.1735277 0.0 0.0 0.062007993 0.60363543 0.55131227 0.3513276 0.79884696 0.0 0.94451344 1.7081555 0.19927816
0.0 0.0 0.0 0.0 1.7722744 0.0 0.0 0.75765973 0.0 0.0 1.0495105 0.0 0.0 0.0 0.0 0.0 0.4586975 0.0 0.0 0.0
0.0 0.24241479 0.0 0.68681943 1.824806 0.0 1.4095622 0.0 0.0 0.2509024 0.20139347 0.15548784 1.1843864 0.0 0.0 0.0 0.0 0.39476275 0.0 1.3333626
0.0 1.7402992 0.0 0.0 0.0 2.1347582 0.19070637 0.0 0.47029686 0.07443106 0.0 0.0 1.3712561 1.1304154 0.6903905 0.0 0.0 2.0865047 0.0 0.0
0.09006989 0.0 0.0 0.0 0.0 0.06626284 1.4205561 2.3135087 0.747761 0.0 0.19443582 0.0 1.1797363 0.95410526 0.24821061 3.642898 0.38806242 0.14739317 0.73678213 1.5181359
0.12244846 0.0 1.9215791 2.4897137 0.50495565 0.18212807 0.0 0.0 0.0 0.0 0.43051133 0.0 0.0 1.9603755 0.0 0.16845971 0.45949727 0.0 0.053215027 1.4645164
1.2599931 0.0 0.0 0.0 0.0 0.0 1.1901058 0.6946862 0.0 0.0 0.0 0.0 1.030486 0.0 0.0 0.0 0.0 0.08580777 0.0 0.6759443
0.0 1.3854479 1.0886087 0.17790754 0.0 0.0 0.00857389 0.0 0.8201824 0.0 0.0 0.6563418 0.55662656 0.4953426 0.33375978 0.27708375 0.5775645 0.31688574 0.32629514 0.0
0.05439897 0.632744 0.0 0.0 0.63601375 0.0 0.0 0.0 0.0 0.0 0.0 0.18468064 0.0 0.18021762 0.050158203 0.0 1.6009326 0.27527094 0.15564707 0.0
0.26761764 0.17540486 0.736314 1.4710896 0.41453004 0.0 0.0 0.026411355 0.0 0.3075961 0.0 0.14353977 0.0 0.13941282 0.0759846 0.43179482 0.0 0.36269593 0.14515963 0.0
0.0 0.0 0.0 0.08086984 0.33506432 1.4532335 0.0 0.26458135 0.23911428 0.0 0.0 0.0 0.0 0.6913624 0.31596982 0.98083293 0.0 0.0 0.0 1.2979503
0.23369154 0.0 0.0 0.16693172 0.0 1.4265988 0.40976727 0.0 0.3110019 0.75421923 0.0 0.0 1.3489609 0.72577643 0.030648366 0.82219756 0.23344433 0.0 0.8576085 0.5926766
0.16671267 0.0 0.08053127 0.0 1.3138136 0.37169862 0.0 0.0 0.101714075 0.0 0.44368598 0.84925735 0.75447595 0.0 0.0 0.0 1.4314404 0.0 0.06852615 0.10250577
0.0 0.18510354 0.0 0.0 0.59713113 0.21447092 0.89275646 0.48211163 0.16885552 0.0 0.0 1.0536933 0.642889 1.188311 0.009478971 0.626871 1.5777806 0.0 1.7884483 0.0
0.0 0.50653046 0.0 1.7614629 0.0 0.5424231 0.30344707 0.0 0.88447416 0.0 0.0 0.0 0.0 0.0 0.49377793 0.083445504 0.0 0.0 1.7702962 0.74820024
0.0 0.0 0.4229521 0.0 0.0 0.0 0.0 0.0 0.49994183 0.57792574 0.023874283 0.0 0.0 0.0 0.3943296 0.86264956 1.0210061 0.0 0.2345315 1.8440437
0.0 0.0 0.8146846 0.0 0.34012106 0.517072 0.0 0.0 0.54467887 0.46069348 1.3800646 0.3142609 2.197067 1.354823 0.0 0.18204832 0.0 0.29163265 0.67614937 1.2566895
0.0 0.30388942 0.0 1.2215991 0.0 0.49994317 1.1525062 0.77966046 0.10217104 1.7856629 0.5692265 0.73820174 0.0 1.2154129 0.0 0.0 1.4664536 0.30886397 0.0 0.0
0.0 0.99743986 0.0 0.53066826 0.4729061 0.3690821 0.0 0.82638663 1.1542559 1.128019 0.8444854 0.0 0.66256416 1.2437699 1.4631342 0.0 0.62582195 0.9255351 0.0 0.0005022809
0.0 1.7751017 0.0 0.65964794 0.0 0.61153054 0.0 0.0 1.0050583 1.9090297 0.0 0.0 1.2788616 0.35976508 0.0 0.30072144 0.0 0.5408832 0.09123275 0.0
1.4971093 0.2617469 0.39159393 0.571111 0.9498762 1.2404468 0.0 0.018722057 0.0 0.012694217 0.8598002 1.447134 1.0325884 1.6050898 0.106799185 0.15376039 0.0 0.0 0.7098036 0.27770174
0.8691934 0.3293411 0.0 0.0 0.0 0.84125245 0.18126017 0.25609502 0.0 0.0 0.03592229 0.0 0.7292645 0.08165313 0.87982565 0.79628277 0.0 0.4626149 0.0 0.0
0.43186137 0.74418193 0.0 0.0 0.0 0.24392065 0.0 0.0 0.0 0.0 0.0 0.0 0.0 0.0 0.0 0.0 0.0 2.5543995 0.46884164 0.0
0.461681 0.50134844 0.0 0.0 0.0 0.0 0.0 0.0 0.0 0.4414803 0.0 0.0 1.1529058 1.0424056 0.0 0.0 0.5990495 0.095053 0.0 0.0
0.17451759 0.0 0.033018403 0.0 0.0 0.15797506 0.11746921 0.0 0.121652946 0.0 0.0 0.20602784 0.0 0.0 0.20182985 0.1595578 0.094516635 0.040381655 0.0 0.0
0.0 0.0659495 0.32223195 0.35827833 0.0 0.0 0.42939568 0.0 0.0 0.0 0.6742319 0.63660914 1.0338087 0.18086547 0.49772787 0.29419693 0.00087182224 0.0 0.0 0.0
0.52398205 0.31987792 0.6159116 0.0 0.72371936 0.0 0.8506271 0.111106135 0.55337584 0.033744603 0.2533766 0.71739393 0.7449757 0.07273531 0.56686616 0.33634079 0.9519934 0.0 0.36330828 0.0
0.0 0.0 0.2554473 0.7254797 0.88588464 0.0 0.0 0.0 0.03414741 0.056602985 0.96783125 0.48574394 0.0 0.0 0.0 0.8228094 0.213081 0.20998631 0.0 0.044205993
0.0015030503 0.7839812 0.0 0.4717231 0.061803162 0.0 1.0341545 0.81176007 0.4778282 0.6882114 0.0 0.25282884 0.0 0.0 1.1150464 0.8133096 0.3439007 0.0 0.04122305 0.5770053
0.0 0.0 0.88178796 0.0 0.061538756 0.0 0.26426953 0.0 0.0 0.0 0.97134876 1.4744918 1.5186522 0.0 0.4122442 0.0 0.0 1.2434508 0.3391946 0.0
0.41065678 0.3436976 0.47165298 0.0 0.0 0.44204494 0.0 0.8757124 0.99982595 0.0 0.0 0.0923797 0.0 0.0 0.0 0.5236885 0.4802866 0.0 0.7873771 1.7334094
0.08215534 0.0 0.03999552 0.105324395 0.0 0.24216563 0.16689238 0.14775543 0.25994682 0.02613505 0.0 0.0 0.0 0.002751857 0.56921285 0.31025222 0.11896563 0.0 0.026405126 0.0
0.0 0.45192415 0.65894383 0.0 0.0 0.4001781 0.0 0.0 0.0 0.9343936 0.42348826 0.0 0.0 0.03873515 0.12228172 1.1408817 0.0 0.0 0.59916776 0.2706998
0.0 0.0 1.0792074 0.0 0.0 0.0 0.0 0.0 0.0 0.11792734 0.73029834 0.0 0.0 0.0 0.0 0.0 0.041544914 0.60316265 0.0 1.15547
0.0 0.0 0.20998627 0.5706402 0.0 0.7814628 0.0 1.1073135 0.0 0.0 0.0 1.1920096 0.0 0.0 0.0 0.32873508 0.0 0.1613707 0.0 1.5335246
0.62880665 0.59257114 0.0 0.6136772 0.0 0.0 0.0 0.0 0.0 0.06579056 0.0 0.0 0.0 0.0 0.3343739 0.16103819 0.0 0.20182648 0.0 0.0
0.0 0.0 0.0 0.0 0.72369695 0.0 1.0470836 0.0 0.95470214 1.0307611 0.36697257 0.17676176 0.38537377 0.57818043 0.4301796 0.46164 0.73299336 0.08830944 0.48479295 0.40994707
0.3119258 2.3278666 0.0 0.0 0.0 0.3048529 0.0 0.31007725 1.0190933 1.1455672 0.46542403 0.020765439 0.6977446 0.6184298 0.186737 0.0 0.9601433 0.0 0.0 0.8643581
0.0 0.0 0.48564357 0.5290641 0.0 0.71120185 1.8974037 1.3959945 0.095062 1.1232309 0.0 0.0 0.0 0.0 0.41356492 0.0 0.0 0.78724694 0.29129517 0.17207351
0.723654 0.0 0.4260981 0.0 0.43881178 1.2658963 0.56134784 0.0 0.0 0.6963656 0.0 0.88624364 0.0575718 0.6984621 0.49734658 0.0 0.055759348 0.0 0.067652166 0.0
0.039452225 1.0137725 0.0 0.0 0.9839709 0.0 0.0 0.8954648 0.9272443 0.0 1.3124723 0.076918006 0.0 0.31910074 0.0 0.00895682 0.0 0.0 0.0 0.17557965
0.0 0.0 0.0 0.0 0.39306787 0.17150342 0.20564872 0.15495312 0.0 0.54754657 0.90204316 0.0 0.0 0.69067323 0.74935347 0.8330725 0.0 0.50890565 0.0 0.0
0.31302792 0.07572788 0.2300537 0.0 0.0 0.30427673 0.06352511 0.0 0.12744159 0.0 0.0 0.09238281 0.0 0.0 0.22192016 0.2577398 0.20400485 0.14843047 0.1675902 0.0
0.0 0.47691473 0.22969358 1.3369815 0.0 0.0 0.0 0.68040997 0.21705526 0.0 0.30383793 0.0 0.50908834 0.0 1.5585647 1.0596889 0.30058825 0.0 0.22915983 0.0
0.0 0.6754788 0.7056252 0.0 0.0 0.0 0.05916843 1.5146917 0.5186716 0.0 0.0 0.7408465 0.0 0.0 0.0 0.0 0.0 0.30740023 0.0 0.0
0.0 0.5947485 0.44445336 0.70253706 0.7579614 0.0 0.0 0.0 0.0 0.23400062 0.610116 0.0 0.0 0.0 0.0 0.36427963 0.19535717 0.41790894 0.2779617 0.22980873
0.0 0.0 0.0 0.0 0.69612676 0.0 0.39355457 0.0 0.6507718 0.39802498 0.0 0.12534535 0.41929236 0.0 0.418409 0.0 0.0 0.26294705 0.0 0.0
0.81828266 0.21535984 0.45496082 0.2259571 0.019692287 0.0 0.1794015 0.018558562 0.29102218 0.0 0.0 0.07745563 0.0 0.03206877 0.77353066 0.0 0.0 0.40501192 0.0 0.0
0.3341576 0.2632501 0.0 0.5893619 0.57422996 0.0 0.0 0.46603912 0.07912822 0.4848661 0.0 0.0 0.0 0.0 0.779176 0.0 0.0 0.0 0.0 0.0
0.06573443 0.0 0.47682583 0.010176808 0.0 0.15539268 0.06622746 0.07790835 0.0 0.0 0.08442666 0.0 0.025565337 0.19252719 0.0 0.22118852 0.084761195 0.0 0.0 0.0
0.0 0.0 0.0 0.0 0.80642915 0.0 0.0 0.0 0.0 0.0 0.03816785 0.010434717 0.0 0.0 0.47757816 0.0 0.0 0.44465125 0.0 0.0
0.78904605 0.0 0.055674076 0.40005657 0.0 0.13897897 0.3362096 0.0 0.21327691 0.50743926 0.11752862 0.12467994 0.0 0.0 0.0 0.32835633 0.0 0.0 0.0 0.0
0.0 0.41444534 0.46781224 0.34068245 0.44759798 0.0 0.0 0.026225835 0.0 0.0 0.33534068 0.6797403 0.0 0.0 0.11074191 0.32899326 0.09491143 0.0 0.009733424 0.0
0.9999652 0.6525975 0.20324978 0.0 0.0 0.0 0.0 0.0 0.0 0.0 0.15436947 0.0 0.11944294 0.16061363 0.0 0.511194 0.29627505 0.23878348 0.0 0.0
0.29410532 0.0 0.6153946 0.047853578 0.0 0.0 0.023236707 0.0 0.0 0.019628406 0.35574302 0.6275255 0.023985688 0.0 0.0 0.0 0.0 0.0 0.0 0.0
0.09088197 0.13499671 0.7213144 0.0 0.4551329 0.0 0.0 0.0 0.12804547 0.36095023 0.0 0.0 0.2167377 0.07194553 0.0 0.0 0.0 0.0 0.0 0.0
0.7016237 0.10243198 0.31955916 0.13827959 0.038764767 0.0 0.16298398 0.00516399 0.0 0.0 0.5317147 0.8869585 0.0 0.0 0.22686936 0.08414437 0.16352245 0.0 0.0 0.21627381
0.23294358 0.0 0.03655839 0.03064835 0.26677877 0.0 0.028961338 0.12770477 0.116600126 0.18946815 0.0 0.50764656 0.07234788 0.0 0.0 0.0 0.30967593 0.0 0.0 0.23327734
0.18082827 0.0 0.0 0.51417553 0.71362317 0.0 0.0 0.7182301 0.15500686 0.0 0.0 0.82483757 0.0 0.36336702 0.0 0.0 0.43034282 0.0 0.0 0.18358016
0.32108486 0.13932955 0.0 0.21151066 0.0 0.0 0.0 0.11178242 0.0 0.23999047 0.0 0.8037387 0.0 0.0 0.0 0.6357211 0.15463337 0.0 0.0 0.5314733
0.0 0.0 0.1887097 0.21315265 0.61930096 0.0 0.58305645 0.019907678 0.21432626 0.0 0.0 0.0 0.0 0.0 0.25599676 1.0547867 0.6296148 0.0 0.0 0.0
0.0 0.0 1.3276958 0.35510868 0.0 0.73799974 0.0 0.32368582 0.0 0.41728503 0.0 1.2678599 0.053141415 0.34293634 0.0 0.59756744 0.5290257 0.0 0.0 0.76194906
0.0 0.90145755 0.6068731 0.0 0.0 0.0 0.0 0.0 0.3476929 0.0 0.08342601 0.0 0.2681375 0.09614235 0.0 0.0 1.1615361 0.0 0.7209628 0.0
0.35762763 0.630828 0.20199087 0.0 0.0 0.0 0.0 0.5777268 1.0890567 0.19481713 0.9103699 0.0 0.0 0.22648504 0.47594762 0.5198966 0.32368308 0.0 0.0 0.0
0.28760403 0.942542 0.29953754 0.0 0.10957138 0.21283951 0.0 0.09993483 0.39464062 0.112296134 0.6827546 0.6601799 0.0 0.0 0.698908 0.18246876 0.25854486 0.0 0.29786068 0.13825761
0.0 0.051853165 0.7198056 0.0 0.0 0.41096026 0.0 0.0 0.6046514 0.0 0.7614398 0.0 0.0 0.0 0.0 0.116358936 0.0 0.21680582 0.364087 0.4090477
0.06126657 0.71976507 0.0 0.002133362 0.46299195 0.0 0.0 0.10114816 0.0 0.22522998 0.19518313 0.21943879 0.0 0.0 0.38069654 0.6455477 1.585972 0.074395925 0.0 0.0
0.4545827 0.8217975 0.0 0.0 0.26070148 1.07368 0.0 0.0 0.0 0.686449 0.4749081 0.8678159 0.0 0.53564465 1.1909311 0.0 0.0 0.0 1.2802342 0.0
0.2442132 0.0 0.04169344 0.0 0.30979222 0.0 0.34913632 0.29026702 0.0 0.0 0.0 0.17605905 0.46240798 0.7042229 0.22136065 0.009186834 0.029342577 0.6241589 0.29720992 0.024732903
0.0 1.6926113 1.0674777 0.0 0.0 0.0 0.60340154 0.0 0.0 0.1514237 0.3443478 0.0 0.0 0.0 0.0 0.2884283 0.0 0.063950434 0.0 0.0
0.16774021 0.4913382 0.37132913 0.026485555 0.6919357 0.0 0.0 0.0 0.49221253 0.46905345 0.0 0.0 0.08305441 0.0 0.0 0.3056809 0.7644994 0.0 0.07303913 0.0
0.045722842 0.0 0.0 0.0 0.0 0.7702043 0.414693 0.43719372 0.0 0.0 0.17655772 0.6870849 0.0 0.0 1.2524793 0.5058096 0.6066133 0.068318695 0.0 0.73908937
0.0 0.0 0.06961048 0.0 0.0 0.16184127 0.0006459132 0.0 0.06569594 0.0 0.085084826 0.080255404 0.0 0.05889319 0.23661008 0.17169818 0.0475992 0.0 0.0 0.0
0.33942127 0.0 0.0 0.0 0.70819825 0.0 0.5259253 0.0 0.0 0.30786437 0.6704888 0.0 0.0 0.2105758 0.39230347 0.6081141 0.0 0.0 0.4438709 0.0
0.24958824 0.0 0.0 0.0 0.0 0.05926309 0.09679578 0.0 0.1738924 0.0 0.0024369955 0.21649961 0.0 0.0 0.023536697 0.0 0.23747334 0.0 0.0 0.0
0.0 0.38831455 0.16255727 0.0 0.0 0.0 0.0807799 0.29174376 0.0 0.0 0.0 1.3201451 0.0 0.6032611 0.0 0.23136511 0.0 0.0 0.02736634 0.0
0.0 0.0 0.044028684 0.0 0.0 0.17060179 0.33312234 0.0 0.26730117 0.0 0.01274804 0.40419638 0.20337436 0.19105229 0.16023146 0.1330016 0.0 0.13873121 0.0 0.0
0.044853017 0.0 0.1486087 0.0 0.0 0.0 0.009002835 0.0 0.0 0.0 0.24354485 0.47241008 0.09276001 0.2694124 0.0 0.29683292 0.0 0.0 0.19511887 0.0
0.0 0.70369244 1.095572 0.0 0.0 0.2068722 0.81213343 0.2317065 0.40804404 0.0 0.6825635 0.0 0.0 0.0 0.3192761 0.0 0.47607487 0.0 0.0 0.90223163
0.0 0.0 0.016933363 0.0 0.0 0.0 0.006772056 0.0 0.0 0.041905172 0.0 0.0 0.29431537 0.0 0.14739405 0.0 0.096216634 0.0 0.0 0.09291008
1.164431 0.0 0.0 0.7694782 0.0 1.6033198 0.76083326 2.0610292 0.0 1.1882322 1.4232917 0.0 0.0 0.0 0.0 1.1180611 0.0 0.98615265 0.0 0.07912576
0.0 0.0 0.7737134 0.0 0.0 0.0 0.0 0.0 0.28277618 0.0 0.0 0.0 0.650339 0.21999682 0.6068674 0.0 0.0 0.0 0.0 0.0
0.0 0.0 0.64094424 0.72488284 0.0 1.3945274 0.0 0.2065854 0.0 0.21344435 0.76006985 0.19695431 0.0 0.0 0.0 0.0 0.0 2.107024 1.5035739 0.0
0.37123507 0.30392957 0.833654 0.0 0.9385506 0.0 0.37405866 0.0 0.43280283 0.6069888 0.49685737 0.0 1.1495835 1.402802 0.0 0.0 1.4478116 0.0048897862 0.46860108 0.0
0.0 0.09549677 0.0 0.0 1.5673718 1.0275526 2.6744647 3.1016412 0.0 0.0 0.0 1.3922291 1.4143776 0.0 0.0 0.22954428 0.0 0.0 1.1477838 0.0
1.7348337 0.0 0.5835 0.0 0.0 5.8451724 0.0 1.3603406 0.560189 0.48306608 1.5737195 0.0 0.0 1.8527254 0.0 2.6350074 0.0 0.057057858 2.079851 0.3688364
0.0 2.766908 1.4742315 2.8617933 1.0981413 0.0 0.2693096 0.0 0.0 0.0 1.6100976 0.0 0.0 0.0 0.0 0.0 0.0 0.053293675 0.3214797 0.0
0.4507058 0.71822065 0.0 0.0 0.0 0.0 0.0 0.0 0.41912046 0.0 1.1249769 0.0 0.33780158 0.0 0.28751534 1.4467947 0.0 0.0 0.0 0.15667826
1.6291251 0.49459782 0.9365424 0.8168694 0.0 0.0 0.0 0.74547327 0.59924495 0.0 0.6775204 0.0 0.0 0.0 0.46494424 0.0 0.41352785 0.6525645 1.3606677 0.85204256
0.0 0.29581127 0.39120772 0.6616507 0.0 0.11845213 0.18757623 0.41230887 0.0 0.0 0.52197945 0.0 0.0 0.7180693 0.0 0.57667005 0.0 0.0 0.7035083 0.0
1.9909923 0.39764005 1.0629582 0.0 0.53348076 0.0 0.34155113 0.0 1.6469905 0.016789138 0.0 0.47528315 0.0 0.22083089 0.0 0.0 0.50595427 1.3183765 0.0 0.0
0.7616332 0.0 0.33115843 0.0 0.0 0.0 0.0 0.0 0.0 0.0 0.0 0.32951117 0.0 0.0 0.72864366 0.0 0.76745576 0.0 0.0 0.54503256
0.0 0.23930746 0.0 1.5907562 0.63543946 0.0 0.0 0.0 1.2035561 0.0 0.0 0.971738 0.0 0.0 0.516625 0.0 1.2910753 0.109185934 0.0 0.0
0.0 0.4964967 0.0 1.6441324 1.5629934 0.0 0.0 0.3069565 1.8167922 0.0 0.15531117 0.0 0.0 0.0 1.0663626 1.5937204 0.0 0.0 0.0 1.0471079
1.3789113 0.16113895 0.0 0.8298812 0.0 0.7204644 0.0 0.75679004 0.3297186 0.053444266 0.0 0.41539508 0.0 0.0 0.079012305 0.0 0.0 0.0 0.0 0.31180334
1.0812554 0.0 0.19915214 0.5262126 0.0 0.0 0.0 1.0536028 0.0 0.1722802 0.0 0.3235978 0.47462055 0.0 0.0 0.0 0.0 0.16109839 0.2555043 0.0
0.0 0.5402502 0.0 0.0 0.49596062 0.60493875 0.07758683 0.0 0.2666185 0.0 0.33787316 0.0 0.0 0.4435315 0.0014908984 0.020309351 0.0 0.6187625 0.0 0.5600497
0.0 0.0 0.99684054 0.0 0.53582144 0.0 0.4594499 1.4932256 0.54364944 0.5307921 0.08507809 0.0 0.0 0.110221654 0.0 1.6162784 0.65866673 0.0 0.30904102 0.38243896
0.0 0.06710492 0.9258304 0.11319448 1.6393703 1.2900653 0.0 0.0 0.19163021 0.0 1.4196537 0.0 0.30149764 0.055456966 1.1681392 0.0 0.02283904 0.0 0.0 0.0
0.082712844 0.0 0.0 0.0 0.0 0.0 0.0 0.12502873 0.61420476 0.0 0.079945356 0.0 0.47663084 0.2419486 0.26574472 0.0 0.0 0.027160645 0.0 0.22621065
1.510862 1.4951786 0.0 0.0 0.5479881 1.7283192 0.0 0.023631439 0.064080894 0.26963177 0.0 0.0 0.64503 0.0 0.0 0.0 0.0 0.0 0.3003528 0.0
0.0 0.7236849 0.90664744 1.0485251 1.0557995 0.0 0.78598446 0.5778908 0.0 0.7031696 0.43904412 0.0 0.0 0.0 1.1020199 0.27650347 0.14236766 0.0 1.5058309 0.0
0.0 0.21846479 2.929301 0.0 0.6302409 0.02811104 0.0 0.0 0.0 0.6197163 0.0 0.0 0.31607687 0.0 0.0 0.024684668 0.0 0.0 0.0 0.4255641
0.0 0.0 0.12838179 0.0 0.0 0.47698778 1.4150901 0.33837786 0.0 1.1272047 0.28822565 0.14692563 0.0 0.11414707 0.0 0.0 0.0 0.0 0.0 0.0
0.0 0.0 1.9842587 0.0 1.1629683 0.0 0.0 0.9034062 1.1748143 0.0 0.0 0.12570566 0.7617068 0.0 0.0 0.5476546 1.0817673 0.49765602 0.0 0.0
0.0 0.0 0.0 0.0 0.3314098 0.85201013 0.5042441 0.0 0.69013655 0.81604075 1.7065856 0.17765144 0.0 0.0 0.037555397 0.0 0.1429925 1.2555518 0.0 0.1510911
0.0 0.88026845 0.0 0.0 0.28369045 0.0 0.0 0.0 0.0 0.4738823 0.25369924 0.4988792 0.1975044 1.1701632 0.0 2.0189757 0.45217848 0.33058566 0.822091 1.1779802
0.0 2.236526 0.097813874 0.0 0.24158712 0.0 0.0 1.1080508 0.06263858 0.0 0.55128664 1.377671 1.5630598 1.0980722 1.1254733 0.49576518 0.0 1.34976 0.9617444 0.26869038
1.5459865 0.0 0.0 0.49433327 0.0 0.0 1.0730267 0.7408742 0.0 0.0 1.6978164 0.2818966 0.6893174 0.5241708 0.0 0.9054278 0.0 0.0 0.036236323 0.0
0.0 0.0 0.89048505 0.0058101416 0.0 1.0690932 0.0 0.0 0.0 0.33171332 0.0 1.6884258 0.02730161 0.11445248 0.0 1.3634744 0.40519097 0.0 0.41415572 0.0
0.3217925 0.0 0.26535287 1.2566149 0.37004003 0.0 0.0 0.6982956 0.42244157 0.0 0.0 0.23334841 0.0 0.0 0.3425697 1.0928657 0.0 0.027511775 0.04422236 0.331437
0.0 0.026613884 0.07628654 0.013032272 0.023416385 0.0 0.0 0.0 0.0 0.0 0.0 0.0 0.27875182 0.0 0.2739146 0.0 0.102815956 0.0 0.0 0.13327709
0.88899386 0.6048914 0.0 0.0 0.0 0.54614794 0.6036836 0.0 0.0 0.67681766 0.0 0.07140294 0.011422336 0.0 0.62894416 0.0 0.08298594 0.0 0.031440243 0.15625086
1.2359732 0.0 0.37648618 1.0111632 0.0 0.0 0.0 0.45965832 1.1414287 1.123783 0.17014027 0.27758017 0.76829123 0.0 0.08336717 0.0 0.0 0.79547346 0.0 0.4123001
0.5473169 0.0 0.13543755 0.2958806 0.71308905 0.23890403 0.0 0.0005557835 0.0 0.37036496 0.21348478 0.0 0.2333669 0.90937567 1.0122595 0.0 0.5605705 0.8187563 0.0 0.0
0.46033955 0.17639847 0.416363 0.68616766 0.0 0.0 0.0 0.744424 0.6415131 0.38167423 0.60500985 0.17502666 0.0 0.8027098 0.0 0.7667328 0.0 0.0 0.36597246 0.048212796
0.0 0.46028054 0.0 1.4939991 1.0673039 0.4796906 0.0 0.0 0.0 1.024747 0.21279144 0.0 0.84894526 0.00290519 0.09043768 0.0 0.41302073 0.0 0.23418131 0.76278996
0.17464358 0.0 0.0 0.7269723 0.4755398 0.0 0.5170927 0.0 1.043187 0.0 0.30870992 0.0 1.1938479 0.0 0.046245895 0.0 0.82919973 0.0 0.0 0.0
0.0 0.26038635 0.10514599 0.10583788 0.0 0.0 0.0 0.0 0.0 0.23164265 0.0348868 0.0 0.2221126 0.0 0.40020287 0.0 0.10551584 0.0 0.12988134 0.5091816
0.064847656 0.0 0.01899904 0.0 0.42151716 0.0 0.0030658096 0.06588626 0.0 0.35159868 0.0 0.0 0.0 0.14013837 1.500808 0.6282478 0.4634863 0.0 0.0 0.8067186
0.0 0.0 0.6363622 0.0 0.47407097 0.20021635 0.0 0.0 0.0 0.4538629 0.29244646 0.093244016 0.73390466 0.0 0.0 0.0 0.5990317 0.0 1.0240226 0.12931228
0.0 0.0 0.0 0.0 0.0 0.0 0.0 0.0 0.0 0.0 0.0 0.8513855 1.4635613 0.7956588 0.0 1.5286943 0.8296621 0.0 0.3312573 0.0
0.37229106 0.31617743 0.21443103 0.05296187 0.22297642 0.77348757 0.044843182 0.0 0.0 0.548164 0.0 0.0 0.413391 0.0 0.25416073 0.9934824 0.036243796 0.21374679 0.06566237 0.0
0.07254563 0.48838007 0.0 1.0539018 0.0 0.0 0.37807187 0.0 0.0 0.0 0.0 0.0 0.0 0.0 0.55485386 0.44010022 0.32345474 0.62221766 0.3517354 0.0
0.11446893 0.24331206 0.0 0.0 0.44748825 0.0 0.0 0.006205082 2.441698 0.0 0.0 1.3244061 0.0 0.070447266 0.0 0.6535955 1.2234201 0.0 0.0 0.3577686
0.8211122 0.0 0.0 0.0 0.0 0.0 0.45575252 0.0 0.0 0.0015076697 1.222271 0.3155983 0.23971982 0.0 0.57535994 0.34021974 0.0 0.6034572 0.9349634 0.0
0.0 0.8562876 0.077367455 0.15586552 0.061874546 0.0 0.9084926 0.0 0.0 0.0 0.0 0.44679034 1.0999551 0.0 0.0 0.11552945 0.5717101 0.0 0.0 1.4455452
0.28921103 1.5093671 0.0 0.23977472 0.0 0.0 0.9278987 0.20873469 0.0 1.008607 0.0 0.3922851 0.0 0.8298707 0.0 0.045793146 0.0038896203 0.0 1.5361454 0.0
0.4526276 0.2229027 0.0 0.16884176 0.810728 0.0 0.0 0.08004598 1.0427074 0.0 0.0 0.5801959 0.0 0.760306 1.1146569 1.1250701 0.57257515 0.7651516 0.20755191 0.9969878
0.011007618 0.0 0.0 0.22625107 0.26278877 0.0 0.044529635 0.0 0.0 0.0 0.0 0.08527331 0.4412624 0.0 0.21671374 0.0 0.19168524 0.0 0.0 0.019234857
0.0 0.0 0.0 0.0 0.53446543 0.41102025 0.083854094 0.5397463 0.0 0.11353177 0.0 0.32491186 0.30998537 0.04314811 0.0 0.0 0.0 0.0 0.0 0.0
0.07862717 0.23586956 0.0 0.80629504 0.0 0.16820222 1.7860612 0.0 0.78028166 0.6928128 0.0 0.0 1.02517 0.0 0.0 0.39701766 0.0 0.0 0.0 0.0
0.7500975 0.19993666 0.7190796 1.8826206 0.0 0.0 0.17467439 0.45881015 0.19560081 0.14657372 0.0 0.25957754 0.6745868 0.88327366 0.3839746 0.0 0.13993073 0.72015995 0.0 1.0415704
0.0 0.0 0.2579568 0.0 0.0 0.025837839 0.19945946 0.67975074 0.0 0.1913405 0.0 0.3364392 0.0 0.0 0.5580991 0.22208741 0.0 0.62892824 0.0 0.14811736
0.40515658 0.0 0.27498722 0.0 0.0 0.77333057 0.0 0.82603145 0.0 0.0 0.40862283 0.0 0.0 0.14613245 0.0 0.0 0.0 0.22953245 0.0 0.0
0.0 0.0 0.5579831 0.0 0.54902196 0.8386107 0.1378985 0.5453041 0.0 0.0 0.0 0.1395388 0.0 0.0 0.62440205 0.0 0.0 0.68509316 0.0 0.0
0.0 0.0 0.0 0.031576358 0.096615106 0.0 0.24521503 0.11624243 0.0 0.0 0.059222065 0.0 0.31996658 0.0 0.0 0.06781973 0.32758284 0.007473886 0.0 0.3193149
0.37385285 0.0 0.14889738 0.0023959577 0.1264607 0.66937745 0.69101614 0.5034024 0.43968076 0.04078585 0.0 0.21478164 0.13404751 0.32121176 0.04149653 0.0 0.0 0.69978464 0.0 0.0
0.4698689 0.0 0.0 0.0 0.18885475 0.0 0.033879675 0.0 1.050471 0.0 0.26646477 0.17833062 0.34336436 0.27729166 0.0 0.32268012 0.0 0.0 0.0 0.0
0.0 0.0 0.38043123 0.0 0.0 0.14487858 0.27958345 0.0 0.2612924 0.42232466 0.0 0.25771505 0.018812016 0.10127944 0.35332492 0.0 0.20161767 0.0 0.024192572 0.6664542
0.0 0.0 0.0 0.13470846 0.0 0.15234461 0.2599613 0.0 0.0 1.0172164 0.0 0.0 0.0 0.20537499 0.39408106 0.0 0.0 0.3838678 0.5209336 0.0
0.0 0.14711668 0.14615734 0.0 0.0 0.0 0.44807398 0.0 0.08058468 0.037439972 0.0 0.0 0.0 0.5058491 0.013117582 0.40332395 0.29224056 0.57756877 0.6353187 0.22960879
0.55418277 0.0 0.0 0.13410708 0.0 0.30026454 0.32563624 0.18757752 0.23931654 0.33226463 0.0 0.0 0.0 0.12934038 0.0 0.0 0.53507406 0.21850067 0.7716516 0.0
0.0 0.0 0.09485617 0.0 0.0 0.20591947 0.03307073 0.26828045 0.08916049 0.0 0.0 0.09371555 0.20815255 0.4614318 0.1253654 0.0 0.5490812 0.7434292 0.058167987 0.0
0.0 0.0 0.0 0.39256272 0.064159855 0.0 0.76996017 0.24467671 0.0 0.04685554 0.0 0.0 0.0 0.6398604 0.0 0.0 0.50411433 0.3203083 0.0 0.07077736
0.07838305 0.23125896 0.0 0.10370138 0.0 0.0 0.7060237 0.64351964 0.0 0.0 0.2847963 0.15767509 0.13446349 0.0 0.0 0.0 0.109220564 0.39792538 0.0 0.3982551
0.0 0.0 0.0 0.003948033 0.0044122934 0.12867859 0.55402714 0.0 0.0 0.07907164 0.0 0.022033323 0.14567435 0.62015903 0.0 0.0 0.36735392 0.434348 0.3613091 0.0
0.0 0.076344974 0.11413073 0.0 0.0 0.0 0.0 0.07478252 0.0 0.4094528 0.0 0.08510174 0.0 0.86897326 0.0 0.09144196 0.342431 0.6264585 0.0993564 0.0
0.887233 1.2019942 0.5636157 0.0 0.14982682 0.0 0.08674252 0.8410177 0.0 0.4535956 0.98996675 0.18368714 0.47242403 0.82610446 0.22900105 0.22928528 0.0 0.37412742 0.03135991 0.30918682
0.0 0.0 0.0 0.0 0.38515332 0.0 0.0 0.0 0.0 0.0 0.26534048 0.012517169 0.49007055 1.2147919 1.2120273 0.0 0.0 0.1617671 0.0 0.0
0.0 0.6482109 0.0 0.0 0.0 0.0 0.0065081604 0.0 0.14763291 0.0 0.0 0.0 0.41473094 0.18254471 0.027486145 0.0 0.08392134 0.0 0.028686091 0.0
0.031017646 0.0 0.0 0.0 0.0 0.0 0.6092227 0.0 0.05810399 0.0 0.0 0.0 0.9929366 0.0 0.21465935 0.0 0.38482437 0.0 0.0 0.03514287
0.0 0.0 0.0 0.2051972 0.7232759 0.012710303 0.0 0.0 0.3470961 0.040259108 0.46988875 0.0 0.6250858 0.6878034 0.0 0.0 0.0 0.0 0.0 0.29209197
0.4797598 0.86994064 0.0 0.054182515 0.170628 0.0 0.47247797 0.0 0.1628387 0.0 0.0 1.2423539 0.0 0.087988466 0.0 0.0 0.34014946 0.15848145 0.25827378 0.39218935
0.0 0.3360265 0.2532798 0.0 0.0 0.87268 0.0 0.0 0.6124878 0.059778273 0.044291764 0.74425316 0.41799128 0.039663434 0.0 0.5399544 0.84589356 0.49499547 0.0 0.39450288
0.0 0.22769853 0.0 0.0 0.2827881 1.0327315 0.45532346 0.0 0.694094 0.11931777 0.14269799 0.0 0.30935675 0.5595005 0.35247433 0.0992321 0.26991522 0.0 0.0 0.0
0.0 0.0 0.0 0.0 0.20832598 0.0 0.0 0.14439487 0.1427193 0.0 0.37025264 0.6990988 0.088205874 0.061914712 0.0 0.0 0.0 0.24101159 0.89951885 0.0
0.15770358 0.0 0.029060096 0.22942196 0.0 0.0 0.0 0.0 0.0 0.0 0.21586755 0.0 0.17265351 0.0 0.0 0.48868084 0.0 0.0 0.046850026 0.3372673
1.5533595 0.05185183 0.67224705 0.0 0.0 0.0 1.6896853 0.0 0.0 0.0 1.1592815 0.0 0.86312276 0.0 0.48675394 0.0 0.0 0.0 1.793288 0.5484677
0.0 0.003113374 0.0 0.0 0.028276589 0.0 0.0 0.08894615 0.0 0.02398019 0.0 0.059036776 0.3245508 0.0 0.0 0.0623853 0.15413931 0.14489128 0.0 0.07215649
0.0 0.0 0.23228039 0.034792855 0.08259183 0.0 0.0 0.0 0.0 0.24948262 0.28662586 0.0 0.4228418 0.5036329 0.3551383 0.0 0.0 0.0 0.0 0.0
0.0 0.0 0.034973457 0.0 0.0 0.0 0.27938315 0.0 0.1720021 0.10860126 0.19596384 0.0 0.37973452 0.08075893 0.3058608 0.0 0.0 0.0 0.0 0.26954967
0.0 0.0 0.22347984 0.0 0.66812634 0.021180034 0.27039087 0.0 0.0 0.78392303 0.0 0.72282 0.89488876 0.36008242 0.0 0.0 0.005244106 0.20168135 0.0 0.0
0.0 0.0 0.022927843 0.0 0.09716554 0.0 0.0 0.0 0.0 0.0 0.0 0.0 0.06406006 0.0 0.18191645 0.19417164 0.2398105 0.0 0.09188178 0.015045466
0.1635304 0.0 0.0 0.0 0.0 0.0 0.0 0.0 0.0 0.0031377971 0.0 0.0 0.3686064 0.0 0.016537555 0.10101878 0.07914397 0.0 0.035428964 0.0
0.36524725 0.17684883 0.40944663 0.39827636 0.0 0.0 1.3080513 0.7937726 0.0 1.0979292 0.0 0.4650919 0.0 0.75860083 1.5838225 0.42469049 0.0 0.0 0.12276998 0.0
0.19550285 0.07985264 0.0 0.0 0.0008106828 0.30800244 0.0 0.0 0.03419991 0.0 0.0931263 0.025312822 0.121593446 0.0 0.061971884 0.0 0.026343232 0.03973707 0.017006649 0.059328295
0.0 0.4103909 0.5629895 0.0 0.26239562 0.0 0.0 0.0 0.0 0.79428095 0.0 0.82586575 0.14683244 0.0 0.14345944 0.0 0.47179845 0.75515425 0.31407082 0.0
0.4617785 0.0 0.0 0.3404057 0.3123904 0.0 0.18639076 0.33364213 0.0 0.4936706 0.085031494 0.088925764 0.12426257 0.06971498 0.0 0.588186 0.0 0.3782939 0.20923355 0.0
0.1560565 0.8316017 0.0 0.0 0.0 0.7344806 0.90563077 0.36752594 0.06801626 0.0 0.0 0.761378 0.0 0.86542237 0.19143903 0.0 1.4760736 0.0 0.017033398 0.41974735
0.0 0.0 0.55689335 0.04921168 0.0 0.0 0.0 0.0 0.0 0.0 1.770405 1.122559 0.81805104 0.77573884 0.54357123 0.0 0.0 0.1292555 0.44964913 1.758397
0.46676368 0.0 3.453939 0.0 1.1367737 0.0 0.31195506 0.0 0.0 0.31727734 1.9073193 0.0 0.0 0.9153018 0.0 0.0 0.0 0.0 0.0 3.0328228
0.0 5.407417 3.6799564 0.0 0.0 1.7378356 4.3486376 0.20756364 0.0 0.0 0.0 1.8217118 0.0 0.0 3.8862762 0.0 0.0 3.9307306 0.0 0.0
0.0 0.0 1.1409646 0.49698213 0.0 2.161046 0.0 0.0 0.68402535 0.88395613 1.8789434 0.0 0.0 1.5480695 3.178453 0.15372849 0.0 0.20302054 0.22366905 0.60561895
0.0 0.0 0.22526549 1.0157468 1.4494884 0.0 0.0 0.0 0.0 2.1417994 0.0 0.0 0.0 0.0 0.04169774 0.0 1.1644425 0.0 0.0 0.058270097
0.0 0.0 0.0 1.6786842 0.0 0.0 0.56895363 1.2373081 0.0 0.0 0.95481783 0.7948734 0.0 0.0 0.2642993 0.0 0.0 0.7200011 0.0 0.8432492
0.0 0.36475295 0.0 1.2692896 0.72929776 0.0 2.409855 0.7525405 0.0 0.95966387 0.59579355 0.0 0.0 0.0 0.0 0.40706864 0.0 1.3048501 1.6386002 0.26030576
0.0 0.0 1.1445519 1.9192835 3.8855615 0.0 0.0 1.3452842 1.0870543 0.0 0.0 0.44074464 0.6103807 0.0 0.0 0.48437622 0.0 0.0 0.5683385 0.0
0.0 0.4532274 0.0 0.60539377 1.7927938 0.0 0.0 0.9005649 0.6935053 0.036302447 0.0 0.0 1.2178962 0.24791458 0.3897712 0.0 0.0 0.0 0.0 0.0
0.31948417 0.92639303 0.44938654 0.0 0.2882129 0.23935181 0.7420511 0.0 0.0 0.0 1.942809 0.019384086 1.0903873 1.8436179 0.6778053 0.76752365 0.36416394 0.81199104 0.0 0.69531846
0.7474636 0.0 0.0 0.5336177 0.0 0.0 1.2078729 0.0 0.0 0.17807993 0.54284227 0.0 0.0 0.51752555 0.22405183 0.0 0.0 0.16826859 0.22201258 1.3012764
0.3902768 0.0 0.0 1.2607362 0.83406055 0.0 0.0 0.22458899 0.0 1.1528324 0.0 0.0 0.0 0.15117067 0.7633668 1.3861451 0.0 0.83333194 0.0 0.1645287
1.9134786 1.2376168 0.0 0.0 0.0 0.47703972 0.0 0.0 0.0 0.0 0.8918296 0.37511283 0.9839181 0.15704629 0.0 0.0 0.0 0.036414325 0.0 0.5023281
0.9609529 0.0 0.0 0.21299358 0.00088819116 0.0 0.018264309 0.31893787 0.09137358 0.2923527 0.42334983 0.0 0.40083635 0.37146804 0.0 0.18748508 0.19199906 0.0 0.43438515 0.61490774
0.14199162 1.4446471 0.0 0.9578917 0.43684965 0.60142124 0.0 0.29550278 1.2038754 0.0 0.019735962 0.0 0.14830072 0.0 0.0 0.0 0.0 0.0 0.0 0.0
0.0 0.29659817 0.0 0.27513862 0.0 0.0 0.0 0.0 0.0 0.0 0.0 0.5130356 1.2550498 0.60179925 0.0 0.0 0.90056884 0.54329616 0.0 0.0
0.18545201 0.0 0.587602 0.0 0.0 0.0 0.0 0.10799664 0.0 0.028450634 1.0582917 0.50090444 0.27188417 0.26061484 0.33916047 0.18232834 0.81682086 0.0 0.0 0.50009537
0.37837505 0.93614376 0.0 0.17711812 0.0 0.0 0.0 0.022451222 0.2767265 1.0922577 0.0 0.0 0.965117 0.0 0.36230317 0.51700497 0.0 0.10437064 0.68401265 0.0
0.0 0.48765928 1.3357028 0.8772533 0.9233833 0.41665393 1.0449747 0.0 0.937417 0.5894936 0.57447195 0.0 1.039267 0.11623036 0.07015625 0.0 2.3446503 0.0 0.14450818 0.0
0.0 1.4824829 0.9247631 0.0 0.120138526 0.0 0.0 1.8004041 1.5957197 1.8413604 0.0 1.0250549 0.0 0.640295 0.0 2.2036438 1.8939891 0.45360088 0.20310643 0.4548976
0.0 0.74066746 0.0 0.0 2.6502466 0.0 0.0 1.5724535 0.0845387 0.6595497 0.85636914 0.80255365 1.3226876 0.0 0.19932377 0.0 1.2795548 0.0 2.0839212 1.529115
0.0 0.30686414 0.0 0.0 1.7595481 0.0 0.73046803 0.70425594 0.92038214 2.2129903 0.0 0.0 2.4421496 1.5436587 0.1348261 2.7566876 0.042438447 0.0 1.2789989 1.0013318
0.6997389 0.37554377 0.33917382 0.44937634 0.97081107 0.64886594 0.10514301 0.0 0.057086706 0.0 0.62257093 0.0022630394 0.0 0.0 0.14947549 0.0 0.0 0.0 0.0 0.4531674
0.8297891 0.0 0.08895664 0.33848155 0.68567455 1.1945243 0.0 0.0 0.0 1.0858878 0.0 0.7074528 0.0 0.012555856 0.0 0.0 0.0 0.18977343 0.0 0.0
0.0 0.0 0.0 1.2578324 0.28553942 0.17672482 0.061765313 0.019915104 1.2282051 0.13916558 0.44907275 0.0 0.71838033 2.3376648 1.2774596 0.42038536 0.0 0.0 0.0 0.85668004
0.0 0.0 0.0 1.4017898 0.0 0.0 0.13875249 0.21838018 0.0 1.3103672 0.0 0.0 0.8518321 0.7804638 0.0 0.004013355 0.0 0.0 0.0 0.071074694
0.0 0.22638677 0.48838705 0.0 1.1181726 0.0 0.0 0.0 2.0065987 0.0 0.1292737 0.7247111 0.0 0.20227242 0.16843387 0.0 0.6294363 0.83011127 1.0936462 1.713951
0.42993838 1.632513 1.0922055 0.0 0.019669652 0.0 0.09629813 0.8107374 1.3439558 0.0 0.0 0.0 0.31713545 0.3798803 0.9152185 1.3078109 0.5724001 0.2532443 0.0 0.055114567
0.20587412 0.08768154 0.0 0.0 0.06453805 0.32805908 0.0 0.0 0.08574425 0.012732863 0.110340714 0.082318835 0.14581026 0.0 0.13003995 0.0 0.0 0.111368164 0.0 0.11200835
0.13930711 0.0 0.3514824 0.55263555 0.0 0.0 0.0 0.0 0.0 0.50199616 0.0 0.0 0.0 0.0 0.83902717 0.78989816 0.0 0.7684708 0.008611023 0.04385268
0.9870841 0.3635253 1.216469 0.0 0.0 0.14929622 0.0 0.6291597 0.0 0.0 0.0 0.0 0.71678674 0.0 0.18815404 0.0 0.0 0.0 0.84297025 0.45926446
0.59761494 0.0 0.0 0.3740769 0.0 0.0 0.0 0.0 0.0 0.1776284 0.0 0.0 0.04892701 0.4715873 0.0 0.0 0.0 0.10182273 0.23667218 0.0
0.16276252 0.0 0.6727843 0.0 0.0 0.0 0.7859811 0.58618027 0.0 0.70917106 1.3777697 0.0 0.8082986 0.030989178 0.0 0.0461044 0.0 0.15223539 0.32109255 0.0055578947
0.0 0.0 0.0 0.29870716 1.017164 0.0 0.29041982 0.0 0.0 0.09704721 0.07868466 0.0 1.317872 0.074685246 0.0 0.37022516 0.0 0.0 0.51262695 0.0
0.49685115 0.5861372 0.29524598 0.042171746 0.0 0.0 0.0 0.0 0.0 0.0 0.7954247 1.0453532 0.8390775 0.6361724 0.008587599 0.32474458 0.0 0.21846183 0.3098811 0.0
0.36218265 0.1075287 0.0 0.0 0.16341871 0.67638296 0.21576741 0.57724446 0.07276013 0.0 0.0 0.0 0.29997557 0.030302718 0.0 0.0 0.0 0.06467413 0.10605802 0.0
0.0 0.24573082 0.0 0.0 0.6799187 0.65784675 0.0 0.0 0.13699535 0.019808054 0.76657933 0.0 0.4125748 0.0 0.023300469 0.294364 0.28649777 0.07516369 0.20717981 0.534977
0.0 0.35342923 0.0 0.0 0.0 1.1921041 0.0 0.0 0.027914807 0.31135276 0.23149785 0.55128616 0.096582174 0.0 0.0 0.0 0.18065475 0.74619496 0.36145073 0.29879144
0.06854376 0.4948995 0.0 0.3930785 1.1982571 0.0 0.35593987 0.0 0.0 0.8651573 0.0 0.30889463 0.8442215 0.0 0.0 0.0 0.08481957 0.35976088 0.0 0.0
0.08183393 0.0 0.0 0.0 0.0569084 0.0 0.03764242 0.021559477 0.0 0.0 0.0 0.0 0.0 0.0 0.74552816 0.0 0.0 0.17964602 0.5209291 0.0
0.0 0.0 0.0 0.0 0.3873009 0.13938195 0.07101333 0.32407236 0.0 0.0 0.1141805 0.24565925 0.0 0.0 0.92406476 0.0 0.0 0.27486444 0.0 0.0
0.0 0.628799 0.049119785 0.09944332 0.0 0.6586982 0.0 0.0 0.0 0.0 1.4726052 0.0 0.0 0.0 0.0 0.0 0.47540045 0.0 0.0 0.3818118
0.14911848 0.0 0.0 0.0 0.0 1.2821536 0.0 0.74191654 0.096278965 0.1486013 0.0 0.0 0.3818684 0.9381349 0.052913666 0.1866275 0.0 0.0 0.0 0.0
0.0 0.5298679 0.0 0.0 1.115547 0.83049893 0.0 0.9914503 0.0 0.12229878 0.115686685 0.0 0.0 0.0 0.0 0.13129574 1.3894093 0.0 0.0 0.0
0.4239473 0.0 0.0 0.0 0.0 0.0 0.9964787 0.55299354 0.65232515 0.0 0.69863164 0.79584193 0.40102917 0.8627008 0.0 0.0 0.46971416 2.1360865 0.0 0.5814939
0.6294358 0.89238894 0.0 0.0 0.0 0.0 0.8191998 0.8906348 0.24910584 0.0 0.0 0.21027517 0.16995567 0.0 0.40158477 0.44200748 0.0 0.0 0.0 0.2629117
0.49986666 0.43757302 0.0 0.0 0.22302324 0.28980455 0.093849584 0.01856649 0.1847541 0.020685017 0.0 0.27171546 0.23318635 0.0 0.0 0.0 0.10489443 0.08671741 0.0 0.05289129
0.30335176 0.0 0.21764666 0.3811291 0.0 0.48170722 0.3485151 0.04035151 0.22186679 0.43629134 0.08915982 0.0 0.0 0.0 0.42907092 1.4050527 0.1944579 0.92341226 0.0 0.0
0.0 0.13343531 0.7657477 0.0 0.0 0.0 0.33955508 0.85641843 0.43301523 0.0 0.0 1.0603629 0.0 0.0 0.20060304 0.8419954 0.79618937 0.11453819 1.3275876 0.0
0.44663012 0.0 0.5702382 0.53325415 0.4384263 0.41606218 0.0 0.0 0.5096631 0.0 0.0 0.0 0.0 0.0 0.0 0.014281794 0.0 0.0 0.43303317 0.0
0.29893577 0.0 0.0 0.0 0.0 0.533043 0.0 0.41199523 1.1844984 0.0 0.0 0.0 0.0 0.0 0.0 0.0 0.0 0.36997154 0.49271464 0.0
0.0 0.0 0.0 0.0 0.0 0.67920446 0.0 0.56724256 0.25873962 0.0 0.0 0.0 0.25495043 0.0 0.0 0.11590707 0.31728524 0.31563455 0.8045348 0.0
0.0 0.0 0.0 0.0 0.0 0.38091058 0.05254057 0.047585696 0.6502028 0.0 0.0 0.12804237 0.0 0.0 0.0 0.4721101 0.0 0.0 1.1635029 0.0
0.25168025 0.34820628 0.047166277 0.0 0.0 0.38728768 0.0 0.1987664 0.0 0.0 0.0 0.0 0.0 0.0 0.0 0.28414536 0.02805635 0.0 0.0 0.0
0.0 0.0 0.0 0.38284153 0.36750257 0.26880962 0.8951355 0.39982033 0.6688526 0.0 0.0 0.0 0.0 0.1951893 0.0 0.14144164 0.0 0.0 0.6266838 0.0
0.34651834 0.11071824 0.0 0.0 0.0 0.0 0.17080656 0.0 0.3116125 0.0 0.0 1.0313038 0.0 0.09757948 0.0 0.21737626 0.0 0.0 0.04678902 0.0
0.0 0.0417232 0.0 0.0 0.34584936 0.12903532 0.2578634 0.0 0.0 0.0 0.0 0.0 0.0 0.0 0.088489026 0.0 0.28899404 0.0 0.07301746 0.0
0.67919624 0.0 0.0 0.23124997 0.0 0.0 0.66329813 0.0 0.4174922 0.0 0.0 0.0 0.0 0.15891021 0.0 0.36075762 0.63683176 0.0 0.0 0.0
0.0 0.0 0.0 0.0 0.0 0.0 0.56588215 0.0 0.28207195 0.0 0.0 0.0 0.0 0.0 0.0 0.45049718 0.6768069 0.0 0.03359348 0.14345369
0.7312998 0.0 0.0 0.0 0.0 0.19702053 0.47239456 0.04048696 0.20230949 0.0 0.0 0.0 0.33913144 0.20474273 0.0 0.071572915 0.58746684 0.03939283 0.5630878 0.0
0.16870728 0.15054944 0.0 0.96423364 0.0 0.0057210475 0.60716254 0.0 0.0 0.0 0.0 0.0 0.0 0.0 0.0 0.21761943 0.64051956 0.0 0.0 0.0
0.6148072 0.0 0.0 0.0 0.0 0.03389436 0.46647358 0.0 0.22843385 0.0 0.0 0.0 0.0 0.0 0.0 0.109280914 0.2999282 0.0 0.0 0.0
0.107258014 0.09832358 0.0 0.23199137 0.0 0.11645791 0.05164507 0.0 0.35692587 0.0033400804 0.0 0.0 0.17858621 0.0 0.0 0.15196902 0.68666923 0.0 0.0 0.0
0.1891371 0.0 0.19052452 0.54906374 0.0 0.34097672 0.67146915 0.17857586 0.09410335 0.3331462 0.10332197 0.0052483976 0.0 0.0 0.0 0.15713274 0.32566023 0.0 0.0 0.027834997
0.30193636 0.0 0.18061444 0.250288 0.0 0.5334908 0.0 0.54254156 0.0 0.0 0.0 0.025236577 0.32830575 0.0 0.024277136 0.0 0.59827596 0.0 0.8042734 0.0
0.6313318 0.0 0.0 0.0 0.0 0.0 0.49179417 0.0 0.28166574 0.44839555 0.26261526 0.9095901 0.28054 0.4289432 0.16432227 0.0 0.0 0.0 0.89956427 0.24033451
0.0 0.0 0.0 0.0 0.0 0.0 0.94762504 0.0 0.0 0.0 0.0 0.0018066056 0.09427425 0.48691243 0.09132539 0.07736719 0.6117518 0.57141054 0.4874341 0.0
0.04452012 0.0 0.46526772 0.0 0.0 0.0 0.0 0.0 0.84943336 0.07146406 0.0 0.6047975 0.09724963 0.43647698 0.65424466 0.0 0.01322636 0.0 0.6356007 0.0
0.7120833 0.0 0.072735965 0.0 0.2295379 0.37792328 0.0 0.0 0.0 0.0 0.14006285 0.15096268 0.0 0.0 0.082752764 0.0 0.0 0.0 0.6164187 0.2068792
0.0 0.67566216 0.3329442 0.4666606 0.7291825 0.0 0.20817888 0.0 0.35492137 0.0 0.4825437 0.48124045 0.438407 0.0 0.0 0.16265438 0.0 0.9145268 0.81376344 0.0
0.0 0.27350986 0.0 0.11032429 0.0 0.5213048 0.0 0.0 0.42909974 0.30652672 0.35434532 0.0 0.34087896 0.0 0.0 0.5639539 0.0 0.0 0.0 0.10992798
0.0 0.0 0.0 0.54397684 0.0 0.42763108 0.0 0.0 0.0 0.46938226 0.0 0.04608947 0.25843978 0.53579146 0.08290595 0.07875545 0.0 0.12535286 0.0 0.004332006
0.57976097 0.0 0.0 0.0 0.0 1.2026014 0.5940426 0.0 0.32807097 0.0 0.72525734 0.30163452 0.066441745 0.0 0.0 0.0 0.52996135 0.0 0.0 0.03617841
0.3408129 0.023963444 0.0 0.71728885 0.0 0.21650627 0.0 0.020111278 0.24205862 0.96080965 0.601663 0.16346765 0.0046631694 0.0 0.7508365 1.1114274 0.0 0.0 0.0 0.21401083
0.7660779 0.0 0.6189256 0.018864632 0.6484757 0.46337768 0.0 0.2243211 0.0 0.062499665 0.55747354 0.0 0.7451275 0.0 0.0 0.836216 0.20666513 0.0 0.0 0.5828852
0.0 0.0 0.0 1.2681873 0.22841683 1.4057992 0.0 0.8015767 1.0108249 0.0 0.0 0.0 0.0 0.0 0.0 0.0 0.13133958 0.18346193 0.0 1.8104331
0.17276108 0.099167116 0.0 0.0 0.12753525 0.19278102 0.08060459 0.10670449 0.0 0.035037816 0.0 0.16186957 0.0 0.0 0.0 0.0 0.11577521 0.0 0.010834955 0.108736135
0.0 0.0 0.13169003 0.0 0.0 0.0 0.752151 0.0 0.7730467 0.0 0.0 0.30436313 0.090344995 0.19446108 0.0 0.120471045 0.0 0.6527261 0.086676024 0.0
0.17897421 0.0 0.0 0.054756775 0.058669135 0.0021249056 0.16793725 0.0 0.0 0.0 0.0 0.0 0.0 0.055667073 0.0 0.0 0.0 0.21129282 0.0 0.13857916
1.02582 0.0 0.3552396 0.27474815 0.0 0.0 0.0 0.0 0.12509805 0.0 0.62922716 0.0 0.0 0.0 1.224057 0.0 0.2431652 0.0 0.0 0.0
0.34177703 0.1964183 0.0 0.0 0.12111562 0.0 0.0 0.0 0.048697792 0.0 0.023488455 0.05783631 0.14664021 0.035284832 0.068693005 0.101895854 0.0 0.0 0.0 0.0
0.19378263 0.04073891 0.0 0.0 0.0 0.037433803 0.0 0.040946834 0.0 0.0 0.0 0.0 0.0 0.30767888 0.0 0.0 0.12294182 0.0 0.034788672 0.0839625
0.75757253 0.8894441 0.0 0.0 1.0940876 0.0 0.0 1.0098135 0.29371262 0.12752125 0.44197315 0.5124564 0.703777 0.0 0.0 0.0 0.0 0.0 0.0 0.0
0.1526044 0.03655802 0.060910266 0.0062621683 0.049125314 0.02858128 0.103333145 0.1544486 0.038587686 0.12854785 0.04891783 0.08712235 0.0 0.0 0.0 0.0 0.0 0.027603433 0.0 0.028947372
0.0 1.6485174 0.0 0.0 0.0 0.0 0.0 1.4558015 0.4375829 0.50894713 0.0 0.0 0.13035262 0.0 0.70682746 0.0 0.3438006 2.4184198 0.0 2.8288772
0.28628176 0.0 0.11796039 0.6003815 0.28933543 0.2832362 0.2366032 0.0 0.0 0.0 0.0 0.0 0.47785842 0.0 0.0 0.3596462 0.7257764 0.0 0.06970371 0.0
0.0 0.6671693 1.1899877 0.0 0.34400254 0.0 0.0 0.0 0.0 0.586498 1.9595044 0.44366777 0.0 0.5430646 0.0 0.0 0.0 0.0 1.6470295 1.0707017
0.9568442 1.0844482 1.0169419 0.3773573 0.0 0.0 0.0 0.92527634 0.5759119 0.0 1.1029665 0.8364489 1.0314105 0.030664802 0.0 0.0 0.0 0.20995547 0.95856494 0.0
0.0 0.0 0.43321502 0.0 0.0 0.0 0.0 0.0 1.9006069 0.15562582 0.60277104 0.0 2.025528 0.34589675 0.9400466 0.9229264 0.0 2.0984588 0.0 0.0
0.0 0.0 0.0 1.4480541 0.0 0.0 0.0 0.0 1.3758235 3.2336714 0.0 0.0 0.0 2.1085584 5.4967213 0.0 0.0 3.3001866 0.25735438 0.0
0.0 0.0 0.0 0.0 0.0 0.0 0.28320253 0.0 0.0 1.6741482 0.031798124 0.0 0.0 0.0 1.231183 0.0 0.0 0.0 0.0 0.42065477
0.103497356 0.646393 0.0 0.0 0.0 0.0 1.1758757 0.15073094 0.0 0.0 0.30207676 0.5652065 0.0 0.25240946 0.0 0.8560914 1.1075567 0.23350608 0.5400896 0.0
0.0 1.1864336 0.6961595 0.60181785 1.0519173 0.40569237 0.26535562 0.45680755 0.71097165 1.3711531 1.3401237 0.0 0.9778477 0.0 0.0 0.8015678 1.6507018 0.0 0.0 0.16375273
0.72036725 0.0 1.5104082 0.0 1.1363511 0.73953307 0.20738953 0.0 0.3111135 0.0 0.0 0.0 0.8458959 0.26825014 0.0 0.0 1.5955787 1.7357733 0.16240191 0.2281608
0.2608458 0.3716804 0.0 0.60026634 1.5906026 0.0 0.75574744 1.6239579 0.0 0.0 0.41632742 1.8790832 2.1334388 0.0 0.0 1.971929 0.0 0.0 0.09134239 0.0
0.0 1.4461589 1.5460302 0.0 2.455287 0.34222564 0.0 0.24825287 0.5187897 0.0 0.0 0.0 0.0 0.6092312 0.29643273 0.7290746 0.0 0.0 0.9352603 0.0
0.0 1.1824723 0.0 0.0 0.0 0.0 0.0 0.12347382 0.0 0.0 0.0 0.0 0.9147885 0.09245664 0.62451357 0.0 1.0455189 0.0 1.5115968 1.6301435
0.0 0.29489145 0.0 1.1613625 1.1776105 0.047822088 0.0 0.0 0.0 1.1748067 0.57797354 0.1250569 0.0 0.94925666 0.3203662 0.0 0.5027137 1.1745627 0.0 0.0
0.0 0.0 0.0 1.1721399 0.0 0.0 0.19248156 0.0 0.0 0.6491746 0.0 0.34235153 0.0 0.0 0.0 0.0 1.1710696 0.25833863 0.12039286 0.0
0.0 0.0 1.8026354 0.0 0.31061268 0.7786273 0.565076 0.0 0.0 0.0 0.4923421 0.8887802 0.70879155 0.0 0.0 0.1702774 0.0 0.69917095 0.08795467 0.2504105
0.6463493 0.0 0.82249665 0.0 0.0065197945 0.0 0.0 0.11332846 0.0 0.30195767 0.5083499 0.2083811 0.0 0.0 0.022333413 0.7598991 0.0 0.45542747 0.0 0.0
0.9247616 0.0 0.40737572 0.6190908 0.0 0.0 0.0 0.0 0.0 0.4240698 0.796927 0.0 0.39672434 0.97830516 0.24279773 0.4595245 0.0 0.19910601 0.5895417 0.0
0.0 0.0 0.0 0.0 0.28538194 0.9056674 0.0 0.19528037 0.3754941 0.0 0.86381596 0.0 0.21840815 0.50758994 0.0 0.0 1.2389393 0.0 0.0 0.0
0.24282385 0.09612346 1.0631723 0.0 0.0 0.0 0.0 1.0092652 0.0 0.13924533 0.0 0.0 0.9023373 0.67537934 0.0 0.68020517 0.0 0.0 0.37847707 0.0
0.0 1.1899897 0.23239164 0.0 1.1100924 1.5642396 0.24806374 1.4976311 0.73683167 0.0 0.16527717 1.3068928 0.71200675 0.07669385 0.08137119 1.1418455 0.0 0.42665106 0.0 0.0
0.0 0.0 0.5186578 0.55490226 0.33512795 0.8107414 0.0 0.0 0.14759567 0.5261059 1.6457093 0.0 1.7708297 0.0 0.0 0.26322228 0.39830667 0.0 0.5507683 0.0
1.060868 0.0 0.46885717 0.0 0.0 0.18751474 0.06622684 0.14859915 0.0 0.028133899 1.5938594 0.815339 0.25109965 0.0 1.974072 0.0 0.0 0.0 0.551755 0.0
0.09169835 1.0987719 1.0313306 0.0 0.0 0.0 0.0 0.0 0.0 0.0 0.42301023 0.0 0.0 0.0 0.42518508 0.1879757 0.16833419 1.2715195 0.0 0.0
0.23222463 1.3271312 0.7276808 0.0 0.5352528 2.4587803 0.5548569 2.1372895 1.1045594 0.0 0.0 0.7774433 0.0 0.017275676 0.44519675 0.0 0.28967422 2.7486749 0.28618652 0.0
0.37695336 0.0 0.35042015 0.6863131 1.1686969 1.1585516 0.060597435 0.8030677 0.0 0.2769532 0.74150527 0.0 0.16875678 1.1946461 1.1370751 0.0 1.1373639 0.35125035 0.1571785 0.0
0.0 0.0 0.0207116 0.0 0.0 0.6147905 1.3051817 0.0 0.0 0.0 0.8460437 0.0 0.0 0.97718763 0.45157272 0.0 0.0 0.6622925 0.0 0.9092882
0.0 0.54647726 0.11064373 0.828119 2.4344318 0.0 1.0885336 0.86034477 0.0 0.0 0.0 0.6214869 0.7950078 0.0 0.0 1.7445753 1.7423327 0.0 0.07977164 0.0
0.0 0.0 0.0 0.12974364 0.5001327 0.36647546 0.0 0.81127584 0.6478955 0.0 0.58388126 0.0 0.0 0.045819677 0.26060337 0.249008 0.39866444 0.0 0.46118152 0.7171844
0.032133818 0.46345162 0.0 0.0 0.0 1.6567166 0.6884119 0.0 0.0 1.0718141 0.0 0.04648614 0.0 0.027265772 1.5137163 0.0 0.0 0.0 1.481714 0.9437394
0.89462084 0.0 0.06904158 0.049008667 0.60190755 0.0 0.5352789 0.0 0.0 0.0 0.0 0.0 0.0 0.693329 0.49067158 0.0 0.0 0.0 0.0 0.541618
0.07800852 0.0030430853 0.06294944 0.05501038 0.0 0.0 0.09554041 0.17428853 0.0 0.166676 0.033648998 0.052339148 0.0 0.0 0.0 0.0 0.032997906 0.03853094 0.0 0.0
0.52277976 0.0 0.00071486086 0.44775677 0.513255 0.014068693 0.0 0.0 0.0 0.6363269 0.0 0.0 0.0 0.0 0.0 0.0 0.737495 0.0 0.68240774 0.0
0.0 0.36491412 0.41426247 0.0 0.2036604 0.94880426 1.2057467 0.0 0.0 0.25890124 0.0 0.51167357 0.024785459 0.0 0.0 1.7256392 0.7294418 0.12293837 0.0 0.5058991
0.0 0.5010404 0.3864698 0.04763341 0.15296751 0.0 0.93900913 0.0 0.0 0.06472373 0.048373282 0.0 0.0 0.0 0.0 0.0 0.0 0.0 0.83882344 0.0
0.42997694 0.041482687 0.28451842 0.28302926 1.1417409 0.0 0.09517217 0.0 0.676334 0.0 0.0 0.2863782 0.51695365 0.0 1.0336121 0.11043731 0.0 0.0 0.0 0.0
0.46808356 0.0 0.4670901 0.7066343 0.0 1.3052137 0.0 0.0 0.087888345 0.0 0.8194336 0.0 0.0 0.0 0.118427515 0.9631909 0.9118216 0.0 0.0 0.39191306
0.049066633 0.00635162 0.0 0.0 0.0 0.0 0.0 0.37274122 0.0 0.09792864 0.24839053 0.42529377 0.14895876 0.31510842 0.5736244 1.3493633 2.3418074 0.0 0.0 1.0509512
0.0 0.21848626 0.08998847 0.0 0.0071932077 0.06506227 0.1579816 0.474408 0.22524166 0.4287541 0.24739833 0.18349284 0.10510719 0.0 0.0 0.13406137 0.0 0.04197468 0.0 0.0
0.27820665 0.0 0.0 0.0 0.5385591 0.86739415 0.0 0.0 0.0 0.0 0.19755432 0.72495925 0.0 0.0 0.0 0.0 0.0 0.10645464 0.0 0.15447807
0.0 0.0 0.0 0.0 0.0 0.0 0.0 0.0 0.20386027 0.0 0.27951464 0.9078189 0.0 0.0 0.4631096 0.0 0.1949032 0.0 0.0 0.32743242
0.0 0.0 0.0 0.0 0.0 0.0 0.0 1.5922053 0.0 0.0 0.17043746 0.0 0.0 1.1090914 0.40064466 0.0 0.9546063 0.0 0.0 0.55672693
0.254333 0.0 0.5534642 0.4137793 0.0 0.6825166 0.49399614 1.2281939 0.22374395 0.0 0.0 1.175642 0.028541118 0.0 0.6719476 0.13974434 0.9297377 0.4765269 0.3780816 0.012248546
0.91868925 0.0 0.008219898 0.0 0.5934283 0.020442694 0.064796016 0.32138568 0.0 0.0 0.24211507 0.4274488 0.0 0.0 0.039268285 0.0 0.24378693 0.0 1.3117306 1.3428371
0.21154448 0.0 0.0 0.9883634 0.41664377 0.0 0.56871974 0.0 0.11307472 0.0 0.96625507 0.0 0.06857954 0.0 0.0 0.26176852 1.3630247 0.5324278 0.0 0.4034511
0.82990414 0.0 0.043205976 0.0 0.0 0.0 0.90620875 0.0 0.0 0.8366931 0.0 0.0 1.174675 0.018876046 0.57314134 0.834708 0.5820613 0.5438742 0.060785353 1.2891537
0.0 1.0487407 0.0 0.5769502 0.0 0.0 0.15471214 0.0 0.50246674 0.0 0.0 0.6234598 0.0 0.11502051 0.0 0.68076885 0.72792226 0.0 0.4928359 0.0
0.55007666 0.0 0.0 0.0 0.30694842 0.34974158 1.0845487 0.0 0.15556943 0.7568311 0.38405284 0.7878678 0.1777474 0.0 0.95797193 0.0 0.0 0.20679319 1.5373142 0.46797892
0.0 0.0 0.0 0.6307822 0.0 0.15920353 0.54422134 0.41464943 1.3044109 0.0 0.0 0.0 0.0 1.717441 0.3857372 0.0 0.0 0.26650664 0.44006908 0.78018105
0.055609852 0.2700234 0.035944413 0.0809687 0.0024011955 0.0 0.15088081 0.04716062 0.0 0.36938053 0.40640724 0.20003483 0.11178188 0.04455807 0.0 0.0 0.19317278 0.0 0.0 0.21222521
0.50969446 0.0 0.0 0.21131483 0.3850603 0.3376863 0.12553024 0.6851566 0.0 0.51840395 0.96076334 0.67426217 0.12811252 0.15335932 0.0 0.0 0.8527864 0.19546135 0.0 0.17065552
0.0 0.0 0.31152257 1.1037279 0.0 1.1029649 0.6134287 0.0 0.0 0.48250324 0.0 0.054918244 0.0 0.47115874 0.0 0.0 0.0 0.0 0.0 0.0
0.09612477 0.0 0.45284298 0.33382592 0.0 0.0 0.0 0.0 0.5248271 0.0 0.0 0.0 1.0692158 2.2541144 0.0 0.6286843 0.0 0.3522467 0.5359493 0.2539491
0.9445356 0.073969 0.0 0.0 0.0 0.41414854 0.0 0.0 0.21534133 1.3454411 0.0 0.0 0.39554816 0.8070967 0.0 0.65366894 0.0 0.0 0.59350705 0.0
1.1130121 0.03374672 0.0 0.0 0.0 0.2847244 0.0 0.0 0.0 0.13887715 0.0 0.0 0.0 0.91165185 0.0 0.26798016 0.0 0.47993475 0.22315003 0.0
0.70250785 0.2934291 0.07966477 0.20641065 0.0 0.0 0.5475689 0.32770646 0.137862 0.0 0.0 0.0 0.8024782 0.33278954 0.0 0.032197006 0.0 0.0 0.0 0.49981838
0.32054383 0.0 0.27154762 0.1464068 0.0 0.072413996 0.068942055 0.12736347 0.044722736 0.22543475 0.0 0.17559636 0.15860608 0.11913421 0.08249407 0.0 0.24349862 0.16483407 0.014755545 0.0
0.5702617 0.4525657 0.44774488 0.5084511 0.0 0.0 0.0 0.0 0.5123014 0.6569433 0.0 0.0 0.36457935 0.9388554 0.0 0.0 0.0 0.0 0.26961973 0.0
0.0 0.32406664 1.1015244 0.09439319 0.0 0.0 0.0 0.4396258 0.0 0.18314223 0.0 0.0 0.0 0.24805099 0.0 0.0 0.0 0.0 0.016650252 0.0
0.06886157 0.0 0.28648862 0.0 0.0 0.0 0.0 0.39623666 0.40927064 0.36053386 0.0 0.28589463 0.0 0.0 0.0 0.0 0.0 0.0 0.0 0.0
0.44593412 0.0 0.16128811 0.0 0.0 0.27518392 0.7120056 0.20068248 0.34521404 0.28257194 0.0 0.27231872 0.19012344 0.0 0.0 0.0 0.0 0.0 0.0 0.0
0.46214652 0.0 0.41830313 0.0791474 0.0 0.16973281 0.0 0.0 0.2922041 0.28083324 0.0 0.23595339 0.14243282 0.0 0.0 0.0 0.0 0.1772848 0.16514333 0.037848502
0.0 0.18482776 0.43362048 0.04877512 0.0 0.38477325 0.55220467 0.0 0.0 0.49182546 0.0 0.0 0.41984725 0.0 0.07982512 0.0 0.0 0.13965453 0.26993436 0.08579342
0.18632148 0.0 0.0 0.40735006 0.0 0.50946134 0.6048991 0.14898041 0.38168895 0.22972506 0.0 0.12745884 0.0 0.0 0.0 0.0 0.0 0.43049806 0.22893932 0.0
0.1824692 0.0 0.0 0.053536206 0.0 0.22076428 0.3585741 0.1411299 0.0 0.5222153 0.009033281 0.0 0.07461293 0.0 0.049423307 0.0 0.0 0.17002152 0.0911278 0.0
0.7065703 0.48233166 0.34776902 0.09249967 0.0 0.7959996 0.81588066 0.6053922 0.26410082 0.0 0.027145782 0.039209455 0.19589533 0.0 0.10360851 0.3854013 0.0 0.0 0.24782705 0.41927588
0.052293003 0.0 0.0 0.35645416 0.11637387 0.0002491027 0.682657 0.0 0.21335304 0.0 0.0 0.0 0.0 0.0 0.23157287 0.0 0.0 0.17348166 0.0 0.0
0.40583396 0.0 0.0 0.0 0.0 0.0 0.0 0.0 0.45187175 0.0 0.0 0.0 0.0 0.0 0.361543 0.18066819 0.0 0.0 0.0 0.0
0.1949119 0.0 0.09650661 0.35798484 0.0 0.5086499 0.16709611 0.0 0.0 0.0 0.0 0.0 0.6720273 0.5007287 0.33629334 1.038392 0.0 0.0 0.0 0.0
0.0 0.0 0.0 0.0 0.0 0.045490295 0.0 0.0 0.0 0.0 0.13198832 0.0 0.13845865 0.0 0.4712175 0.81001294 0.0 0.47831863 0.49794874 0.37698644
0.0 0.06835389 0.0 0.0 0.0 0.05719462 0.0 0.15811571 0.5703103 0.0 0.65801585 0.0689179 0.64055324 0.0 0.211138 0.48582277 0.0 0.0 0.0 0.053049088
0.16556433 0.4354074 0.0 0.0 0.16167916 0.08157146 0.0011795536 0.0 0.0 0.12697978 0.6430655 0.0 0.0 0.0 0.0 0.0 0.0 0.0 0.0029271245 0.19130354
0.39184797 0.0 0.0 0.0 0.0 0.0 0.0 0.1269018 0.36103988 0.0 0.0 0.49263296 0.0 0.21348864 0.030008316 0.0065550804 0.38561907 0.0 0.0 0.18738589
0.0 0.052601002 0.0 0.0 0.0 0.45986462 0.0 0.40320197 0.18899614 0.33893058 0.9646815 0.68799114 0.0 0.0 0.89734024 0.0 0.94301844 0.0 0.0 0.88040376
0.033474743 0.0 0.0 0.0 0.0 1.0239322 0.0 0.0 0.0 0.0 0.39823475 1.0054965 0.0 0.0 0.0045761615 0.14439733 1.1354139 0.22353116 0.0 0.08210594
0.74299705 0.0 0.0 0.23884061 0.93673205 0.04189408 0.20630178 0.07412419 0.0 0.0 0.0 0.9377175 0.0 0.0 0.0 0.0 0.010028943 0.20789395 0.0 0.49423212
0.47249502 0.0 0.48707837 0.0 0.30736104 0.24666838 0.6488741 0.0 0.0 0.0 0.043565497 0.38086367 0.0 0.0 0.0 0.079535775 1.0192895 0.33061478 0.0 0.0
1.2804657 0.22188228 0.4985908 0.7170437 0.28346252 0.0 0.0 0.24355482 0.10130194 0.33116716 0.09781724 0.010610029 0.0 0.67740905 0.0 0.0 0.0 0.07840085 0.0 0.0
0.0 0.09387089 0.0 0.0 0.6791013 0.27500913 0.0 0.0 0.0 0.0 0.16564181 0.0 0.0 0.6821761 0.0 0.7750675 0.0 0.04289569 0.579911 0.0
0.0 0.057579134 0.26395658 0.11752801 0.0 0.04497207 0.2645011 0.3333617 0.2587461 0.1026832 0.0 0.19110025 0.13361093 0.040653396 0.0 0.0 0.0 0.0 0.0 0.0
0.0 0.0 0.0 0.3529027 0.519051 0.0 0.0 0.6488128 0.0 0.0 0.0 0.0 0.091253586 0.13537109 0.0 0.0 0.0 0.0 0.0 0.0
0.1331194 0.081376344 0.046567805 0.029731527 0.19218321 0.045470633 0.0 0.20111112 0.0 0.0 0.06655821 0.13368344 0.0 0.0 0.047305845 0.0 0.022215134 0.061832108 0.0 0.19792803
1.2987788 0.0 0.0 0.4378072 0.72512317 0.0 0.0 0.23009005 0.0 0.3966195 0.0 0.0 0.0 0.12359483 0.59854364 0.0 0.0 0.15416455 0.21497186 0.0
0.26400882 0.18542153 0.054684754 0.09404657 0.09109572 0.0 0.24652037 0.15100527 0.072344854 0.15551102 0.21489856 0.0 0.0 0.25220287 0.0 0.0 0.0 0.018379658 0.19377685 0.0
0.3682604 0.0 0.0 0.0 0.07205039 0.12884672 0.112855986 0.0 0.119308166 0.33359542 0.0 0.0 0.0 0.0 0.0 0.0 0.0 0.0 0.0 0.0
0.0 0.0 0.0 0.05292277 0.31231862 1.1619463 0.41836217 0.0 0.0 1.0988082 0.0 0.5464751 0.0 0.24103159 0.22460651 0.20566458 0.53194195 0.104001775 0.5377229 0.006825
0.020506024 0.0 0.0 0.25370008 0.0 0.13475834 0.0 0.0 0.0 0.08776516 0.0 0.0 0.0 0.0 0.24770787 0.16693898 0.07389638 0.023798443 0.28742316 0.10505009
0.0 0.0 2.005153 0.0 0.30054036 3.197696 1.2426986 0.0 0.0 0.0 1.8327731 0.49899632 0.0 0.0 1.4422461 0.14038056 0.0 1.0397528 0.0 0.15271038
0.0 0.6049388 0.033727407 0.065899596 0.23861107 0.5161272 0.085267484 0.85913897 0.0 0.30163684 0.0 0.5070621 0.2984494 0.0 0.0 0.36472428 0.04216117 0.35206807 0.0 0.12433995
1.5803821 0.22168815 0.0 0.0 1.8602144 0.0 0.0 0.6350395 0.9294581 1.6297404 0.0 0.0 0.8457899 0.0 0.083364606 0.0 0.0 0.0 1.7077045 0.85236704
0.0 0.0 0.0 0.0 0.0 0.5515207 0.47475642 0.0 0.6116245 0.0 0.0 0.11641163 0.0 0.0 0.0 0.0 0.0 0.49823493 0.0 0.4593312
0.0 0.0 0.0 0.0 0.0 0.0 1.0528764 1.8014085 1.6050942 1.5767004 1.9444741 0.0 1.238653 0.0 0.0 0.326504 0.0 1.2544863 0.0 0.0
0.75506383 0.9338684 2.2649143 1.6685936 0.0 0.0 0.61586 0.0 2.8525677 1.0228542 0.0 0.0 5.13223 0.5903479 0.0 0.0 0.0 2.1137443 0.0 0.0
0.0 0.0 0.9853617 0.25344586 0.0 0.0 0.0 0.96377283 0.60928786 0.0 0.6058808 0.0 0.0 0.0 0.0 0.0 0.0 0.13575387 0.0 1.0403903
0.0 0.15717842 0.66075504 0.0 0.0 0.0 0.0 0.15629718 0.0 0.0 0.86646384 0.0 0.0 0.0 0.0 0.0 0.0 0.19782189 0.13575752 1.3219663
0.0 0.0 0.0 0.0 1.2257711 0.49636036 1.2378658 0.0 0.08175969 0.0 0.0 0.34111524 0.0 0.28738093 0.20218335 0.5053674 0.0 1.1552876 0.0 0.25759807
1.0447276 3.6840692 0.0 0.0 0.0 1.2111323 0.0 1.4226669 0.36108625 0.0 0.7831193 0.0 0.0 0.21199739 0.0 0.0 0.7548356 0.0 1.183592 1.1874917
0.16085383 1.3515022 0.0 0.0 0.7812971 0.0 1.8809391 0.7265609 0.018973053 0.38236332 0.0 0.26749724 0.5353723 0.0 0.0 0.0 0.0 0.0031856894 0.0 0.0
2.0793636 1.8932304 0.0 0.0 0.0 0.0 0.77863955 0.70349383 0.0 0.0 0.0 0.19918343 0.0 1.2645969 0.0 0.024847448 1.6211603 2.10695 1.1032559 1.6872106
1.9620357 0.0 0.90285397 0.0 0.0 0.0 0.5126461 0.6216783 0.0 0.17898905 0.41346213 0.24982217 0.0 1.3782328 0.0 0.8312917 0.30138874 1.5302527 0.0 0.0
0.0 0.55643594 0.0 1.0299419 0.0 0.0 0.32216153 0.9152074 0.20414293 0.0 0.0 0.0 0.08286907 0.5696794 0.0 0.0 0.0 0.4539331 1.3901148 0.919896
0.0 0.10929364 0.7893158 0.29723978 0.5728744 0.0 0.6155954 1.6003497 0.21638954 0.33573866 1.0810091 1.1798767 0.36398095 0.0 0.15829691 0.0 0.3974348 0.0 0.17830758 0.08783686
0.81527907 0.0 0.0 0.62213606 0.0 0.0 0.2701908 0.0 0.45198756 0.7009704 0.7724179 0.0 0.0 0.6370476 0.0 1.4226172 0.0 0.0 0.5470311 0.5423273
0.0 0.16201378 0.0 0.09786728 0.0 0.0 0.0 0.0 0.0 0.2134591 0.0 0.0 0.0 0.0 0.0 0.0 0.0 0.0 0.73352134 0.0
0.2257169 0.0 0.04494196 0.49074975 0.0 0.0 0.051824406 0.0 2.053163 0.019471139 0.0 0.0 0.7056249 0.057167813 0.0 1.2207713 0.0 0.0 0.0 0.20963685
0.06213504 0.91925764 0.31742942 0.0 0.0 0.0 0.29536974 0.0 0.13576785 0.19581506 0.5022439 0.0027477741 0.0 0.59722143 0.0 0.0 0.79516834 0.0 0.0 0.0
0.0 0.23188305 0.0 0.84013224 0.20245786 0.4853537 0.17203951 0.0 0.0 0.0 0.0 0.0 0.48215356 0.686864 0.0 0.0 0.5053465 0.8854166 0.0 0.17082363
0.7033222 0.11190128 0.0 0.0 1.0369965 1.5505769 0.49119106 0.0 0.0 0.0 1.2688377 0.0 0.97110087 0.0 0.11627975 0.0 0.0 0.3273107 0.0 0.38316837
0.29501903 0.0 1.6692965 0.1972472 0.22184843 0.04434982 0.116080254 0.30233783 0.018288948 0.0 0.0 0.0 0.45637727 0.0 1.4224174 0.14981923 0.9553788 0.31568003 1.2564282 0.3639782
0.0 0.26810503 2.071234 0.0 0.0 0.29622084 0.36758757 0.6760388 0.15743384 0.0 1.4003854 0.0 0.71177155 0.9823345 0.9997246 0.0 0.36313972 0.030820966 1.3896716 0.0
0.34317642 0.71149105 1.3012893 0.14475691 0.42256385 0.0 0.0 0.0 0.82079124 0.0 0.0 0.0 1.7597303 0.62686884 0.46542627 0.49628934 0.8977357 0.31111866 0.0 0.1915108
0.0 1.2896359 0.5902387 0.0 1.0867143 0.0 0.0 0.0 0.6682272 0.0 1.4956167 0.5608133 0.14224279 0.0 0.0 0.0 0.48728234 0.0 0.92298853 0.29736567
0.6299008 0.0 0.0 0.0 0.0 1.334525 0.0 0.0 0.0 0.0 0.7309049 1.576563 0.5954151 0.6138449 0.14645514 1.535634 0.2872318 0.8871546 0.80546343 0.0
0.0 1.6957258 0.0 0.70773494 0.0 0.05479452 0.0 0.74442875 0.0 0.0 0.046304762 0.69620967 0.0 1.8735309 0.0 0.0 0.0 0.0 0.0 0.0
0.0 1.2785053 0.0 0.0 0.58137655 1.1318394 0.92978746 0.0 0.53554606 0.81688595 0.0 0.85768175 2.1481433 1.2437258 0.15167227 0.0 0.0 0.0 0.0 0.0
0.48799482 0.69644594 0.0 0.0 0.0 0.0 0.0 0.0 0.0 1.0798085 0.0 0.26081777 0.0 0.36936587 0.0 0.0 0.0 0.0 0.22552955 0.0
0.84398186 0.27450752 1.6821007 1.731998 0.0 1.0074438 0.13841414 1.3905634 0.0 0.06099993 0.72794837 0.0 0.0 0.8349042 2.300633 0.0 0.15200764 0.0 0.0 0.0
0.36657733 0.12664214 0.448011 0.24298462 0.0 0.29381156 0.0 0.26272893 0.3774443 0.0 0.0 0.5801221 0.0 0.0 0.0 0.0 0.0 0.3705171 1.4732584 0.41577643
0.045895785 0.0 0.0 0.13687041 0.0 0.06856796 0.0 0.0 0.0 0.0 0.008142173 0.008847782 0.0 0.0 0.24357271 0.24764548 0.08495072 0.0 0.31402275 0.009648174
0.0 0.0 0.0 0.7814538 0.3362463 0.42066708 0.5954374 0.056777343 0.6400246 0.0 0.0591517 0.046375424 1.3389652 0.12759112 0.0 0.0 0.15127224 0.5027892 0.0 0.39504933
0.6624641 0.0 1.2028451 0.0 0.41952318 0.6990992 0.0744645 0.09328002 0.0 0.0 0.4678883 1.5817076 0.0 0.0 0.0 0.0 1.0182533 0.0 0.0 0.0
0.46645403 0.14491756 0.0 0.8019389 0.0 0.16760665 0.9196565 0.0 0.0 0.0 0.34639192 0.64091206 0.0 0.29777208 0.0 0.65381896 0.0 0.0 0.0 0.0
0.2929514 0.40861955 0.0 0.37146395 0.7568941 0.37538946 0.09230071 0.9843087 0.0 0.0 0.2661396 0.09188795 0.0 0.0 0.0 0.0 0.7448692 0.4210376 0.0 0.0
0.0 0.6574211 0.33499515 0.0 0.0 0.95800924 0.0 0.0 1.1361427 0.0 0.7660849 0.0 0.0 1.1315523 0.0 0.0 0.0 0.0 0.0 1.0893676
0.0 1.4233 0.6334672 0.5796774 0.0 0.0 1.1139989 0.8897845 1.3674831 0.7089282 0.11992599 0.0 0.365109 0.5813177 0.0 0.0 0.0 0.4654414 0.0 0.4153402
0.13888973 0.0 0.0 0.5221078 0.0 0.3891163 0.29195437 0.0 0.0 0.0 0.025714315 0.3444288 0.0 0.010866344 0.0 0.57376957 0.018460304 0.028403431 0.027176954 0.34188563
0.0 0.0 0.78883684 0.09609805 0.18913268 0.6355773 0.11653799 0.0 0.0 0.043289915 0.0 0.0 0.047837835 0.0 0.73887646 0.0 0.13960904 0.0 0.3832326 0.24007344
0.0 0.0 0.693697 0.0 1.3745549 0.0 0.25016367 0.27065784 0.6408581 0.0 0.21288544 0.0 0.0 0.0 0.48977852 0.0 0.8192935 0.0 0.22499707 0.03931655
0.0 0.0 0.91943294 0.264961 0.43689674 0.4838413 0.0 0.0 0.765083 0.0 0.0 0.0 0.0 0.5109684 0.13346404 0.57798487 0.7221783 0.08404082 0.26383808 0.0
0.0 0.0 0.93796635 0.0 1.4385909 0.0 0.58285296 0.0 0.0 0.0 0.0 1.0405636 0.0 0.0 0.01314503 0.0 0.0 0.44541252 0.7919873 0.4382141
0.0 0.42894593 0.0 1.435867 0.0 1.2289182 0.0 0.0 0.41719753 0.0 0.0 0.18908536 0.54876846 0.0016764775 0.75841105 0.44112659 0.16504273 0.0 0.0 1.1472031
0.30149043 0.0 0.0 0.0 0.7272902 0.3262207 0.28890938 1.8901913 0.50183403 0.91979265 0.0 0.9984094 0.11206168 0.30711862 0.0 1.2737913 0.0 0.0 0.0 0.0
0.0 0.0 0.0 0.64757025 0.0 0.80898905 0.0 0.2681746 0.0 0.8426454 0.0 0.6903491 0.0 1.127828 1.0239009 0.500224 0.2070846 0.22956538 0.5216454 0.0
0.0 0.4944598 1.7591705 0.0 1.016711 0.27971494 0.032303333 0.45510542 0.0 0.0053249598 0.0 1.1236432 0.0 0.0 0.0 0.0 0.28921106 0.01696258 0.0 0.85398126
0.0 1.0712178 0.60051614 1.123378 0.11478514 0.0 1.3028026 1.8537169 0.0 0.39550275 0.0 0.6250198 0.0 0.0 0.0012640357 0.0 0.0 0.0 0.96107113 0.0
0.002607882 0.0 0.0 0.73551846 0.0 0.08367953 0.1971434 0.663835 0.0 0.51466477 0.040853605 1.0352495 0.25306153 0.0 0.0 0.0 0.0 0.33163425 0.5406978 0.028953284
0.0 0.0 0.0 0.15700611 0.0 0.0 0.011140674 0.0 0.17269838 0.0 0.0 0.010565877 0.0 0.0 0.5279814 0.10409971 0.23918182 0.0 0.38223246 0.15707564
0.0 0.0 0.0 0.35183853 0.41800535 0.093262106 0.0 0.70432305 0.37750345 0.0 0.20511973 0.0 0.24022698 0.0 0.9426917 0.0 0.0 0.26565692 0.166466 0.0
2.0777817 0.0 0.0 0.81623393 0.0 1.346343 0.5775176 0.077726334 0.038164094 0.0 0.46426868 0.937065 0.0 0.0 0.0 0.05323723 0.59310997 0.0 0.024680622 0.0
0.0 0.88306475 0.0 0.8596573 0.6894234 0.039704457 0.0 0.0 0.59010124 1.2116144 0.22010583 0.0 0.0 0.48510012 0.0 0.0 0.0 0.309157 0.52214795 1.0136718
0.0 0.0 0.0 0.0 0.06480628 0.0 0.0 0.36015868 0.0 0.63981885 0.16136703 0.09992266 0.08792888 0.0 0.0 0.18738705 0.5724524 0.0 0.24550553 0.0
0.4982057 0.6610019 0.0 0.46369866 0.0 0.0 0.0 0.0 0.0 0.73355603 0.108988464 0.5266034 1.0826576 0.47415045 0.0 0.18215644 0.79108727 0.0 0.0 0.103781566
0.0 0.0 0.0 0.0 0.2546463 0.0 0.0 0.07907957 0.0 0.1588073 0.0 0.0 0.48470247 0.34785357 0.5615245 0.017632574 0.24299228 0.2971381 0.7620242 0.0
0.12045844 0.0 0.013980582 0.0 0.0 0.15041418 0.1112236 0.0 0.0935117 0.0 0.0055839866 0.0 0.0 0.15514696 0.0 0.53202385 0.047188386 0.0 0.22282618 0.23500755
0.0 0.0 0.0 0.0 0.449176 0.0 0.0 0.0 0.0 1.2367556 0.09130385 0.0 0.22992475 0.0 0.16809487 0.48484296 0.10124688 0.0 0.0 0.0
0.32124895 0.21024239 0.18809685 0.0 0.22217105 0.12736827 0.15482876 0.0 0.0 0.28830034 0.0 0.0 0.0 0.2559154 0.0 0.0 0.5451944 0.0 0.0 0.23172483
0.4784378 0.08465732 0.0 0.5491562 0.0 0.6501823 0.0 0.5081983 0.0 0.51655304 0.0 0.0 0.22601193 0.0 0.20319666 0.0 0.2720337 0.0 0.0 0.0
0.61773604 0.16476603 0.0 0.0 0.105397195 0.84474194 0.0 0.0 0.0 0.40700096 0.0 0.0 0.17237422 0.8291396 0.045907244 0.0 0.2710706 0.0 0.05384548 0.0
0.0 0.3807032 0.0 0.0 0.07333021 0.73695564 0.0 0.0 0.0 0.30179226 0.0 0.0 0.0 0.0 0.10285174 0.240446 0.0 0.0 0.0 0.33269873
0.10602465 0.0 0.0 0.0 0.0 0.074304864 0.12804294 0.15182242 0.017771482 0.07837522 0.0 0.91938806 0.028576612 0.34462 0.32760006 0.0 0.3675418 0.0 0.13344514 0.0
0.08226983 0.36572927 0.0 0.0 0.0 0.0 0.16713257 0.0 0.0 0.0 0.5565965 0.21702722 0.34826267 0.0 0.0 0.0 0.0 0.0 0.0 0.16512631
0.3026712 0.0642108 0.0 0.0 0.0 0.0 0.089668304 0.0 0.0 0.0 0.0 0.23277506 0.0 0.21438436 0.26560703 0.0 0.19984254 0.0 0.37398353 0.12945287
0.019010022 0.0 0.45636076 0.33729002 0.0 0.0 0.0 0.10109007 0.0 0.0 0.48555735 0.032235447 1.1059449 0.75623685 0.12640265 0.06646991 0.53714854 0.0 0.0 0.0
0.42296234 0.16124587 0.0 0.15766619 0.13457584 0.0 0.0 0.0 0.30967337 0.0 0.0 0.23190905 0.0 0.28408664 0.14202376 0.037881568 0.0 0.0 0.22484104 0.0
0.37332082 0.051146626 0.32698572 0.36290747 0.14903684 0.0 0.0 0.0 0.0 0.0 0.09210053 0.0 0.0 0.0 0.13189785 0.0 0.32095027 0.0 0.0 0.0
0.0 0.75672257 0.6007286 0.74655396 0.17862773 0.2542411 0.0 0.0 0.9436141 0.42741665 0.0 0.0 0.0 0.42811465 0.0 0.14385943 0.5008817 0.68852174 0.0 0.27133453
0.0 0.0 0.696283 0.070726916 0.0 0.33240238 0.0 0.0 0.0 0.6276771 0.0 0.010985404 0.0 0.0 0.0 0.0 0.0 0.43774298 0.3400174 0.14852896
0.0 0.0 0.0 0.32217306 0.0 0.44115335 0.0 0.0 0.0 0.127374 0.41261947 0.4391883 0.0 0.0 0.15583935 0.0 0.0 0.11910858 0.086384654 0.19017455
0.0 0.65251654 0.1778243 0.0 0.7163981 0.46167043 0.015797228 0.2672839 0.0 0.0 0.372879 0.0 0.0 0.0 0.594904 0.3924864 0.066064775 0.0 0.0 0.0
0.0 0.109006256 0.0 0.0 0.0 0.0 0.83097476 0.0 0.095248014 0.0 0.35717884 0.0 0.18437852 0.5022416 0.98949504 0.08113474 0.14764512 0.0 0.0 0.0
0.0 0.0 0.43389148 0.0 0.81142294 0.34721485 0.0 0.61694574 0.029282823 0.4984423 0.0 0.0 0.038017005 0.0 0.7224436 1.1565576 0.3919425 0.0 0.80152225 0.030231357
0.42239457 0.0 0.0 0.00046516955 1.7782834 0.08005118 0.0 0.4463719 0.8945008 0.0 0.0 0.0 0.0 0.0 1.0161884 0.3702414 0.9354817 1.0725585 0.0 0.0071433187
0.0 0.15099785 0.0 0.6731117 0.37815934 0.6117406 0.0 0.113765 0.0 0.0 0.0 1.4785149 0.17140114 0.0 0.26272333 0.0 0.45090768 0.0 0.0 0.28780234
0.0 0.0 0.04365118 0.4734063 0.0 0.0 0.0 0.0 0.0 0.0 0.0 0.14315961 0.48014536 0.0 0.056903005 0.0 0.0 0.08598837 0.0 0.0
0.059266537 0.0 0.0 0.0 0.43572026 0.6386316 0.20825934 0.38268685 0.0 0.22923395 0.0 0.0 0.19880587 0.0 0.5558903 1.8539038 0.0 0.0 0.39779556 0.0
0.0 0.0 0.49406618 0.11747679 0.6692221 0.0 0.0 0.0 0.0 0.0 0.0 1.0243177 0.0 0.0 0.6078155 0.9259088 1.534139 0.7833983 0.0 0.11933339
0.0 0.0 0.012789048 0.124629945 0.31215656 0.20125616 0.0 0.0 0.0 0.0 0.071835205 0.0 0.0 0.07008283 0.0 0.15020318 0.114002034 0.043538377 0.20246163 0.21647854
0.0 0.0 0.0 0.0 0.33395806 0.34063587 0.0 0.0 0.0136253685 0.3867375 0.015119687 0.769034 0.2087857 0.0 0.0 0.08582758 0.50684124 0.0 0.4811855 0.0
0.0 0.0 0.0 0.21514028 0.0 0.084119335 0.0 0.0 0.0 0.0 0.0 0.025423706 0.0 0.0 0.31449205 0.28495917 0.1351372 0.20323212 0.26779467 0.23365048
0.0 0.0 0.42675483 0.74387217 0.32706434 0.0 1.2878402 0.0 1.0394918 0.0 0.3151409 1.0942252 0.031739473 0.0 0.58440596 0.22096139 0.0 0.5345937 0.36384985 0.0
0.0 0.0 0.0 0.43307406 0.0 0.011975735 0.0 0.0 0.0 0.0 0.08759427 0.035340317 0.0 0.0 0.22394831 0.08507939 0.0 0.12552571 0.14069647 0.03081981
0.0 0.0027941987 0.0 0.179916 0.36757293 0.08332035 0.0 0.0 0.0 0.0 0.0 0.0 0.0 0.0 0.56329226 0.19595635 0.0 0.0 0.17440219 0.12742591
